3.57329e-007 99 1999 1 0
2.17281e-006 98 1998 2 0
2.62968e-006 97 1997 3 0
8.1548e-006 96 1996 4 0
1.06347e-005 95 1995 5 0
1.27431e-005 94 1994 6 0
1.53966e-005 93 1993 7 0
2.13732e-005 92 1992 8 0
2.41991e-005 91 1991 9 0
2.58519e-005 90 1990 10 0
2.84536e-005 89 1989 11 0
3.0282e-005 88 1988 12 0
3.03071e-005 87 1987 13 0
4.32008e-005 86 1986 14 0
4.33357e-005 85 1985 15 0
4.63225e-005 84 1984 16 0
4.69024e-005 83 1983 17 0
4.89559e-005 82 1982 18 0
5.18605e-005 81 1981 19 0
5.21292e-005 80 1980 20 0
5.35022e-005 79 1979 21 0
6.32001e-005 78 1978 22 0
7.22223e-005 77 1977 23 0
7.73331e-005 76 1976 24 0
8.06311e-005 75 1975 25 0
8.40304e-005 74 1974 26 0
8.72159e-005 73 1973 27 0
8.80846e-005 72 1972 28 0
9.47293e-005 71 1971 29 0
0.000101565 70 1970 30 0
0.000104845 69 1969 31 0
0.000119551 68 1968 32 0
0.000122536 67 1967 33 0
0.0001284 66 1966 34 0
0.000129431 65 1965 35 0
0.000130071 64 1964 36 0
0.000137741 63 1963 37 0
0.00014189 62 1962 38 0
0.000142518 61 1961 39 0
0.000174029 60 1960 40 0
0.000181488 59 1959 41 0
0.000187252 58 1958 42 0
0.000200048 57 1957 43 0
0.000213922 56 1956 44 0
0.000215642 55 1955 45 0
0.000220327 54 1954 46 0
0.000225118 53 1953 47 0
0.000227424 52 1952 48 0
0.000231706 51 1951 49 0
0.000243961 50 1950 50 0
0.000255205 49 1949 51 0
0.000258489 48 1948 52 0
0.000270706 47 1947 53 0
0.000319976 46 1946 54 0
0.000320293 45 1945 55 0
0.000328326 44 1944 56 0
0.000331361 43 1943 57 0
0.000334432 42 1942 58 0
0.00033899 41 1941 59 0
0.000350073 40 1940 60 0
0.00037876 39 1939 61 0
0.00039009 38 1938 62 0
0.000407038 37 1937 63 0
0.000411308 36 1936 64 0
0.000412471 35 1935 65 0
0.00042354 34 1934 66 0
0.000426488 33 1933 67 0
0.000446003 32 1932 68 0
0.000469005 31 1931 69 0
0.000478475 30 1930 70 0
0.000480836 29 1929 71 0
0.00048589 28 1928 72 0
0.000530827 27 1927 73 0
0.00054076 26 1926 74 0
0.00055925 25 1925 75 0
0.000570153 24 1924 76 0
0.000578508 23 1923 77 0
0.000598781 22 1922 78 0
0.000631336 21 1921 79 0
0.000645505 20 1920 80 0
0.000683025 19 1919 81 0
0.000733726 18 1918 82 0
0.000766357 17 1917 83 0
0.00076955 16 1916 84 0
0.000797235 15 1915 85 0
0.00084115 14 1914 86 0
0.000889823 13 1913 87 0
0.000988708 12 1912 88 0
0.00102476 11 1911 89 0
0.00113472 10 1910 90 0
0.0011397 9 1909 91 0
0.00121806 8 1908 92 0
0.00124594 7 1907 93 0
0.00153094 6 1906 94 0
0.00166197 5 1905 95 0
0.00180137 4 1904 96 0
0.00180344 3 1903 97 0
0.00195095 2 1902 98 0
0.00195965 1 1901 99 0
0.00255629 0 1900 100 0
0.00360336 0 1900 100 0
0.0164351 0 1900 100 0
0.0166258 0 1900 100 0
0.0252304 1 1901 98 1
0.0255279 0 1900 99 1
0.0315733 1 1901 97 2
0.0316018 1 1901 96 3
0.032133 0 1900 97 3
0.0333828 0 1900 97 3
0.0356624 0 1900 97 3
0.0498026 1 1901 95 4
0.0505377 0 1900 96 4
0.0584005 1 1901 94 5
0.0590918 0 1900 95 5
0.075451 1 1901 93 6
0.0757253 0 1900 94 6
0.075791 0 1900 94 6
0.0770991 1 1901 92 7
0.0771456 0 1900 93 7
0.0878856 1 1901 91 8
0.0880091 0 1900 92 8
0.098689 0 1900 92 8
0.104157 1 1901 90 9
0.105129 0 1900 91 9
0.108904 1 1901 89 10
0.10919 0 1900 90 10
0.110269 0 1900 90 10
0.118311 1 1901 88 11
0.118514 1 1901 88 11
0.118856 0 1900 89 11
0.14694 0 1900 89 11
0.154444 1 1901 87 12
0.15521 0 1900 88 12
0.166751 0 1900 88 12
0.175465 1 1901 86 13
0.175841 0 1900 87 13
0.185575 0 1900 87 13
0.190196 1 1901 85 14
0.190962 0 1900 86 14
0.196323 0 1900 86 14
0.197056 0 1900 86 14
0.197424 1 1901 84 15
0.197607 0 1900 85 15
0.201389 1 1901 83 16
0.201595 1 1901 83 16
0.201608 0 1900 84 16
0.206286 1 1901 82 17
0.206844 0 1900 83 17
0.212911 0 1900 83 17
0.214522 1 1901 81 18
0.215426 0 1900 82 18
0.232824 1 1901 80 19
0.2332 0 1900 81 19
0.233409 1 1901 79 20
0.233625 0 1900 80 20
0.242003 1 1901 78 21
0.24221 1 1901 78 21
0.242264 0 1900 79 21
0.242293 0 1900 79 21
0.244548 0 1900 79 21
0.253706 1 1901 77 22
0.254178 0 1900 78 22
0.266277 0 1900 78 22
0.283861 1 1901 76 23
0.285547 0 1900 77 23
0.295045 1 1901 75 24
0.295973 0 1900 76 24
0.305095 1 1901 74 25
0.305117 0 1900 75 25
0.312186 1 1901 73 26
0.314315 0 1900 74 26
0.323218 0 1900 74 26
0.333909 1 1901 72 27
0.334331 0 1900 73 27
0.34366 0 1900 73 27
0.345374 1 1901 71 28
0.346609 0 1900 72 28
0.354757 0 1900 72 28
0.38646 1 1901 70 29
0.387133 0 1900 71 29
0.393245 0 1900 71 29
0.393363 1 1901 69 30
0.393486 0 1900 70 30
0.395463 1 1901 68 31
0.395657 0 1900 69 31
0.409835 0 1900 69 31
0.411321 1 1901 67 32
0.411816 0 1900 68 32
0.415754 1 1901 66 33
0.416174 0 1900 67 33
0.431627 0 1900 67 33
0.444153 1 1901 65 34
0.444473 0 1900 66 34
0.454333 1 1901 64 35
0.455444 0 1900 65 35
0.481072 1 1901 63 36
0.481519 0 1900 64 36
0.489078 0 1900 64 36
0.491017 1 1901 62 37
0.491185 0 1900 63 37
0.501449 0 1900 63 37
0.503092 0 1900 63 37
0.50596 0 1900 63 37
0.50671 0 1900 63 37
0.512317 1 1901 61 38
0.51248 0 1900 62 38
0.519478 0 1900 62 38
0.521725 0 1900 62 38
0.526523 0 1900 62 38
0.529611 1 1901 60 39
0.529814 0 1900 61 39
0.530059 0 1900 61 39
0.535532 0 1900 61 39
0.538601 0 1900 61 39
0.56376 1 1901 59 40
0.563976 0 1900 60 40
0.585 1 1901 58 41
0.585157 0 1900 59 41
0.591623 1 1901 57 42
0.591826 0 1900 58 42
0.602576 0 1900 58 42
0.635549 0 1900 58 42
0.654703 1 1901 56 43
0.654861 0 1900 57 43
0.656654 0 1900 57 43
0.657986 1 1901 55 44
0.659291 0 1900 56 44
0.693075 0 1900 56 44
0.693695 0 1900 56 44
0.716427 0 1900 56 44
0.720601 0 1900 56 44
0.726757 1 1901 54 45
0.728119 0 1900 55 45
0.744681 0 1900 55 45
0.766945 0 1900 55 45
0.769035 0 1900 55 45
0.769206 1 1901 53 46
0.769228 0 1900 54 46
0.779809 1 1901 52 47
0.779957 0 1900 53 47
0.784531 1 1901 51 48
0.786268 0 1900 52 48
0.78759 1 1901 50 49
0.787876 0 1900 51 49
0.794561 1 1901 49 50
0.794792 0 1900 50 50
0.797996 0 1900 50 50
0.802646 1 1901 48 51
0.802722 0 1900 49 51
0.815262 1 1901 47 52
0.815458 0 1900 48 52
0.816819 0 1900 48 52
0.831462 0 1900 48 52
0.860811 0 1900 48 52
0.872208 1 1901 46 53
0.872286 0 1900 47 53
0.873256 1 1901 45 54
0.873813 0 1900 46 54
0.876812 0 1900 46 54
0.887586 1 1901 44 55
0.887744 0 1900 45 55
0.900106 0 1900 45 55
0.903977 1 1901 43 56
0.904103 0 1900 44 56
0.90737 1 1901 42 57
0.908163 0 1900 43 57
0.915949 0 1900 43 57
0.917267 1 1901 41 58
0.917722 0 1900 42 58
0.920916 0 1900 42 58
0.927079 1 1901 40 59
0.927407 0 1900 41 59
0.941238 1 1901 39 60
0.941354 0 1900 40 60
0.947989 0 1900 40 60
0.953789 1 1901 38 61
0.953928 0 1900 39 61
0.989208 0 1900 39 61
1.0209 1 1901 37 62
1.02201 0 1900 38 62
1.02704 0 1900 38 62
1.02845 1 1901 36 63
1.03033 0 1900 37 63
1.05032 1 1901 35 64
1.05073 0 1900 36 64
1.06289 1 1901 34 65
1.06307 0 1900 35 65
1.07024 1 1901 33 66
1.07134 0 1900 34 66
1.08581 1 1901 32 67
1.08632 0 1900 33 67
1.08747 0 1900 33 67
1.10113 1 1901 31 68
1.10137 0 1900 32 68
1.11112 0 1900 32 68
1.13626 1 1901 30 69
1.13696 0 1900 31 69
1.15844 1 1901 29 70
1.15856 0 1900 30 70
1.1651 0 1900 30 70
1.26494 0 1900 30 70
1.287 0 1900 30 70
1.30255 0 1900 30 70
1.31887 1 1901 28 71
1.31964 0 1900 29 71
1.32116 0 1900 29 71
1.34381 0 1900 29 71
1.36696 1 1901 27 72
1.36798 0 1900 28 72
1.37337 1 1901 26 73
1.37343 0 1900 27 73
1.45734 0 1900 27 73
1.46333 1 1901 25 74
1.46446 0 1900 26 74
1.47455 0 1900 26 74
1.49056 1 1901 24 75
1.49107 0 1900 25 75
1.50619 1 1901 23 76
1.50646 1 1901 22 77
1.5068 0 1900 23 77
1.53993 0 1900 23 77
1.57717 1 1901 21 78
1.57742 0 1900 22 78
1.65373 1 1901 20 79
1.65508 0 1900 21 79
1.65525 1 1901 19 80
1.65629 0 1900 20 80
1.65824 0 1900 20 80
1.81891 0 1900 20 80
1.86699 1 1901 18 81
1.86763 0 1900 19 81
1.92516 1 1901 17 82
1.92551 0 1900 18 82
1.9925 1 1901 16 83
1.99304 0 1900 17 83
2.06468 0 1900 17 83
2.09523 1 1901 15 84
2.09533 0 1900 16 84
2.09973 0 1900 16 84
2.18947 1 1901 14 85
2.18947 0 1900 15 85
2.19264 1 1901 13 86
2.1931 0 1900 14 86
2.20447 0 1900 14 86
2.21945 1 1901 12 87
2.21946 0 1900 13 87
2.22113 1 1901 11 88
2.2213 0 1900 12 88
2.39331 0 1900 12 88
2.49121 1 1901 10 89
2.49126 0 1900 11 89
2.51449 1 1901 9 90
2.51483 0 1900 10 90
2.55599 0 1900 10 90
2.57508 1 1901 8 91
2.5754 0 1900 9 91
2.63511 1 1901 7 92
2.63516 0 1900 8 92
2.89073 1 1901 6 93
2.89098 0 1900 7 93
2.8973 1 1901 5 94
2.89823 0 1900 6 94
2.91636 0 1900 6 94
2.94911 1 1901 4 95
2.95007 0 1900 5 95
3.05167 0 1900 5 95
3.09947 0 1900 5 95
3.10558 1 1901 3 96
3.10626 0 1900 4 96
3.19784 1 1901 2 97
3.19793 0 1900 3 97
3.5644 1 1901 1 98
3.56525 0 1900 2 98
3.84588 0 1900 2 98
4.06823 0 1900 2 98
4.50838 1 1901 0 99
