1.09831e-006 99 1999 1 0
9.77007e-006 98 1998 2 0
2.44794e-005 97 1997 3 0
2.66433e-005 96 1996 4 0
2.80244e-005 95 1995 5 0
3.21787e-005 94 1994 6 0
3.36357e-005 93 1993 7 0
4.83813e-005 92 1992 8 0
5.87523e-005 91 1991 9 0
6.16308e-005 90 1990 10 0
6.35857e-005 89 1989 11 0
6.96452e-005 88 1988 12 0
7.57081e-005 87 1987 13 0
8.01818e-005 86 1986 14 0
8.75884e-005 85 1985 15 0
9.21851e-005 84 1984 16 0
9.33037e-005 83 1983 17 0
9.43056e-005 82 1982 18 0
9.92136e-005 81 1981 19 0
0.000101505 80 1980 20 0
0.000124401 79 1979 21 0
0.000130651 78 1978 22 0
0.000131206 77 1977 23 0
0.000138432 76 1976 24 0
0.000139754 75 1975 25 0
0.000161803 74 1974 26 0
0.000162061 73 1973 27 0
0.000183144 72 1972 28 0
0.000185858 71 1971 29 0
0.000193269 70 1970 30 0
0.000194245 69 1969 31 0
0.000195465 68 1968 32 0
0.000201986 67 1967 33 0
0.000215896 66 1966 34 0
0.000247766 65 1965 35 0
0.000250775 64 1964 36 0
0.000255347 63 1963 37 0
0.00029018 62 1962 38 0
0.000295516 61 1961 39 0
0.000298951 60 1960 40 0
0.000307434 59 1959 41 0
0.000319996 58 1958 42 0
0.000324332 57 1957 43 0
0.00032509 56 1956 44 0
0.000332568 55 1955 45 0
0.000337972 54 1954 46 0
0.00034406 53 1953 47 0
0.000371505 52 1952 48 0
0.000371602 51 1951 49 0
0.000380033 50 1950 50 0
0.000403316 49 1949 51 0
0.000416934 48 1948 52 0
0.000420532 47 1947 53 0
0.000421564 46 1946 54 0
0.000421983 45 1945 55 0
0.000454937 44 1944 56 0
0.000469092 43 1943 57 0
0.000488299 42 1942 58 0
0.000502013 41 1941 59 0
0.000509363 40 1940 60 0
0.000517202 39 1939 61 0
0.000519791 38 1938 62 0
0.000530484 37 1937 63 0
0.000538889 36 1936 64 0
0.000568362 35 1935 65 0
0.000582349 34 1934 66 0
0.000587385 33 1933 67 0
0.00064796 32 1932 68 0
0.00064837 31 1931 69 0
0.000718657 30 1930 70 0
0.000740258 29 1929 71 0
0.000755825 28 1928 72 0
0.000780339 27 1927 73 0
0.000799701 26 1926 74 0
0.000815906 25 1925 75 0
0.000831578 24 1924 76 0
0.000891477 23 1923 77 0
0.000918948 22 1922 78 0
0.000933762 21 1921 79 0
0.000943546 20 1920 80 0
0.000958265 19 1919 81 0
0.00100923 18 1918 82 0
0.00102797 17 1917 83 0
0.00105684 16 1916 84 0
0.00105697 15 1915 85 0
0.00107011 14 1914 86 0
0.00113155 13 1913 87 0
0.00115459 12 1912 88 0
0.00126041 11 1911 89 0
0.00128801 10 1910 90 0
0.00129055 9 1909 91 0
0.00144281 8 1908 92 0
0.00153934 7 1907 93 0
0.00158507 6 1906 94 0
0.001691 5 1905 95 0
0.00172744 4 1904 96 0
0.0019332 3 1903 97 0
0.00215501 2 1902 98 0
0.00220011 1 1901 99 0
0.00234218 0 1900 100 0
0.00503091 1 1901 98 1
0.00521505 1 1901 98 1
0.00679092 0 1900 99 1
0.0147634 0 1900 99 1
0.0163366 0 1900 99 1
0.0367111 1 1901 97 2
0.0370419 0 1900 98 2
0.0389893 0 1900 98 2
0.0434533 1 1901 96 3
0.0437692 0 1900 97 3
0.0442206 0 1900 97 3
0.0453311 1 1901 95 4
0.0465528 0 1900 96 4
0.0486022 0 1900 96 4
0.0509999 0 1900 96 4
0.0563832 0 1900 96 4
0.0582232 0 1900 96 4
0.0674581 0 1900 96 4
0.0683833 0 1900 96 4
0.0685034 0 1900 96 4
0.0742816 0 1900 96 4
0.0791737 0 1900 96 4
0.0840808 0 1900 96 4
0.0873795 0 1900 96 4
0.0963373 1 1901 94 5
0.096582 0 1900 95 5
0.103921 1 1901 93 6
0.105237 0 1900 94 6
0.110061 0 1900 94 6
0.111834 0 1900 94 6
0.115095 0 1900 94 6
0.119849 1 1901 92 7
0.120211 0 1900 93 7
0.12191 1 1901 91 8
0.122553 1 1901 90 9
0.122986 0 1900 91 9
0.132978 1 1901 89 10
0.133131 0 1900 90 10
0.136152 1 1901 88 11
0.136291 0 1900 89 11
0.145082 0 1900 89 11
0.148268 0 1900 89 11
0.149623 1 1901 87 12
0.149997 1 1901 87 12
0.150294 0 1900 88 12
0.161072 1 1901 86 13
0.161148 0 1900 87 13
0.161214 1 1901 85 14
0.162088 0 1900 86 14
0.1684 1 1901 84 15
0.168616 0 1900 85 15
0.169046 0 1900 85 15
0.171405 0 1900 85 15
0.175658 0 1900 85 15
0.177859 1 1901 83 16
0.178333 0 1900 84 16
0.184401 0 1900 84 16
0.187424 1 1901 82 17
0.187608 0 1900 83 17
0.188341 1 1901 81 18
0.190924 0 1900 82 18
0.203122 0 1900 82 18
0.207209 0 1900 82 18
0.222147 1 1901 80 19
0.222895 0 1900 81 19
0.228817 1 1901 79 20
0.228842 0 1900 80 20
0.22955 1 1901 78 21
0.229941 0 1900 79 21
0.233992 1 1901 77 22
0.234 0 1900 78 22
0.240615 0 1900 78 22
0.243434 1 1901 76 23
0.24403 0 1900 77 23
0.24587 0 1900 77 23
0.258788 1 1901 75 24
0.259154 0 1900 76 24
0.268572 1 1901 74 25
0.269629 0 1900 75 25
0.273021 0 1900 75 25
0.283451 0 1900 75 25
0.286236 0 1900 75 25
0.287463 1 1901 73 26
0.287759 0 1900 74 26
0.297162 0 1900 74 26
0.311299 1 1901 72 27
0.311753 0 1900 73 27
0.315926 1 1901 71 28
0.316656 0 1900 72 28
0.319757 1 1901 70 29
0.320136 0 1900 71 29
0.32074 1 1901 69 30
0.320868 0 1900 70 30
0.326829 0 1900 70 30
0.327434 1 1901 68 31
0.327966 0 1900 69 31
0.328775 1 1901 67 32
0.329273 0 1900 68 32
0.333245 1 1901 66 33
0.334772 0 1900 67 33
0.334915 1 1901 65 34
0.33494 0 1900 66 34
0.34008 1 1901 64 35
0.340259 0 1900 65 35
0.346803 1 1901 63 36
0.348366 0 1900 64 36
0.348932 0 1900 64 36
0.350312 1 1901 62 37
0.35037 0 1900 63 37
0.368673 1 1901 61 38
0.368761 0 1900 62 38
0.40746 1 1901 60 39
0.408338 0 1900 61 39
0.426979 0 1900 61 39
0.442382 0 1900 61 39
0.448879 0 1900 61 39
0.451692 0 1900 61 39
0.471569 1 1901 59 40
0.471856 0 1900 60 40
0.478046 1 1901 58 41
0.478203 0 1900 59 41
0.488137 1 1901 57 42
0.488168 0 1900 58 42
0.495786 0 1900 58 42
0.496038 1 1901 56 43
0.497953 0 1900 57 43
0.505217 0 1900 57 43
0.518147 1 1901 55 44
0.519332 0 1900 56 44
0.520377 1 1901 54 45
0.521322 0 1900 55 45
0.524079 1 1901 53 46
0.52429 0 1900 54 46
0.557331 1 1901 52 47
0.557728 0 1900 53 47
0.565149 1 1901 51 48
0.565284 0 1900 52 48
0.569314 0 1900 52 48
0.570036 1 1901 50 49
0.571396 0 1900 51 49
0.582779 0 1900 51 49
0.592002 1 1901 49 50
0.592031 0 1900 50 50
0.598492 1 1901 48 51
0.598559 0 1900 49 51
0.618511 1 1901 47 52
0.6186 0 1900 48 52
0.621226 1 1901 46 53
0.622047 0 1900 47 53
0.626408 0 1900 47 53
0.629712 1 1901 45 54
0.630816 0 1900 46 54
0.643086 1 1901 44 55
0.64326 0 1900 45 55
0.64344 1 1901 43 56
0.644492 0 1900 44 56
0.655743 1 1901 42 57
0.655853 0 1900 43 57
0.672463 0 1900 43 57
0.685588 0 1900 43 57
0.686975 0 1900 43 57
0.691406 0 1900 43 57
0.714554 1 1901 41 58
0.715082 0 1900 42 58
0.716847 1 1901 40 59
0.717461 0 1900 41 59
0.723402 1 1901 39 60
0.723499 0 1900 40 60
0.736379 1 1901 38 61
0.736744 0 1900 39 61
0.738718 1 1901 37 62
0.738817 0 1900 38 62
0.742464 0 1900 38 62
0.759734 1 1901 36 63
0.75981 0 1900 37 63
0.760317 0 1900 37 63
0.766026 0 1900 37 63
0.770001 0 1900 37 63
0.776395 0 1900 37 63
0.802374 1 1901 35 64
0.802911 0 1900 36 64
0.809278 1 1901 34 65
0.809298 0 1900 35 65
0.810985 1 1901 33 66
0.811002 0 1900 34 66
0.823485 0 1900 34 66
0.824203 0 1900 34 66
0.841853 0 1900 34 66
0.862833 0 1900 34 66
0.886993 0 1900 34 66
0.987608 1 1901 32 67
0.9878 0 1900 33 67
0.990078 1 1901 31 68
0.990096 0 1900 32 68
1.00003 0 1900 32 68
1.00435 0 1900 32 68
1.01533 1 1901 30 69
1.01546 0 1900 31 69
1.03515 1 1901 29 70
1.03551 0 1900 30 70
1.05021 0 1900 30 70
1.06665 0 1900 30 70
1.08512 1 1901 28 71
1.08537 0 1900 29 71
1.09051 0 1900 29 71
1.10656 0 1900 29 71
1.11815 0 1900 29 71
1.12585 0 1900 29 71
1.14441 1 1901 27 72
1.1449 0 1900 28 72
1.15015 1 1901 26 73
1.15034 0 1900 27 73
1.1721 1 1901 25 74
1.17276 0 1900 26 74
1.1772 1 1901 24 75
1.17735 0 1900 25 75
1.22082 0 1900 25 75
1.23215 0 1900 25 75
1.23907 0 1900 25 75
1.24628 1 1901 23 76
1.24683 0 1900 24 76
1.29589 1 1901 22 77
1.29595 0 1900 23 77
1.29871 1 1901 21 78
1.29995 0 1900 22 78
1.31787 1 1901 20 79
1.31798 0 1900 21 79
1.34377 0 1900 21 79
1.34508 1 1901 19 80
1.34685 0 1900 20 80
1.37762 0 1900 20 80
1.38822 0 1900 20 80
1.39941 0 1900 20 80
1.40963 0 1900 20 80
1.42918 0 1900 20 80
1.45042 1 1901 18 81
1.45107 1 1901 17 82
1.45111 0 1900 18 82
1.48303 1 1901 16 83
1.48354 0 1900 17 83
1.52304 1 1901 15 84
1.52485 0 1900 16 84
1.52677 1 1901 14 85
1.52866 0 1900 15 85
1.53948 0 1900 15 85
1.57154 0 1900 15 85
1.61398 0 1900 15 85
1.6822 0 1900 15 85
1.69321 0 1900 15 85
1.70406 1 1901 13 86
1.70432 0 1900 14 86
1.72473 0 1900 14 86
1.72647 0 1900 14 86
1.72954 1 1901 12 87
1.72981 0 1900 13 87
1.73089 1 1901 11 88
1.73185 0 1900 12 88
1.77288 0 1900 12 88
1.77375 1 1901 10 89
1.77377 0 1900 11 89
1.87468 0 1900 11 89
1.99776 0 1900 11 89
2.00232 0 1900 11 89
2.00267 0 1900 11 89
2.068 1 1901 9 90
2.06882 0 1900 10 90
2.07689 1 1901 8 91
2.07702 0 1900 9 91
2.08289 1 1901 7 92
2.08323 0 1900 8 92
2.18256 0 1900 8 92
2.23048 0 1900 8 92
2.31795 1 1901 6 93
2.31894 0 1900 7 93
2.37675 1 1901 5 94
2.37739 0 1900 6 94
2.40347 0 1900 6 94
2.52591 0 1900 6 94
2.52859 0 1900 6 94
2.53104 1 1901 4 95
2.53179 0 1900 5 95
2.53311 1 1901 3 96
2.53345 0 1900 4 96
2.5864 0 1900 4 96
2.60952 0 1900 4 96
2.67987 0 1900 4 96
2.84115 1 1901 2 97
2.84149 0 1900 3 97
3.16403 0 1900 3 97
3.29988 0 1900 3 97
3.4126 0 1900 3 97
4.03095 1 1901 1 98
4.03146 0 1900 2 98
4.2463 1 1901 0 99
