3.65202e-007 99 1999 1 0
5.21939e-006 98 1998 2 0
8.82442e-006 97 1997 3 0
1.15153e-005 96 1996 4 0
1.41102e-005 95 1995 5 0
1.66043e-005 94 1994 6 0
2.03382e-005 93 1993 7 0
2.08034e-005 92 1992 8 0
3.42537e-005 91 1991 9 0
5.93365e-005 90 1990 10 0
5.94069e-005 89 1989 11 0
6.18781e-005 88 1988 12 0
6.29473e-005 87 1987 13 0
6.33472e-005 86 1986 14 0
6.37081e-005 85 1985 15 0
6.47798e-005 84 1984 16 0
6.51124e-005 83 1983 17 0
6.68763e-005 82 1982 18 0
7.4397e-005 81 1981 19 0
7.8982e-005 80 1980 20 0
8.79462e-005 79 1979 21 0
9.41666e-005 78 1978 22 0
0.000101269 77 1977 23 0
0.000101792 76 1976 24 0
0.000102377 75 1975 25 0
0.000106597 74 1974 26 0
0.000109122 73 1973 27 0
0.000109881 72 1972 28 0
0.000110797 71 1971 29 0
0.000114846 70 1970 30 0
0.000115024 69 1969 31 0
0.000128023 68 1968 32 0
0.000130811 67 1967 33 0
0.000131347 66 1966 34 0
0.000159097 65 1965 35 0
0.000160368 64 1964 36 0
0.000176902 63 1963 37 0
0.000186849 62 1962 38 0
0.000188717 61 1961 39 0
0.000199454 60 1960 40 0
0.000207808 59 1959 41 0
0.000220097 58 1958 42 0
0.000221546 57 1957 43 0
0.000226608 56 1956 44 0
0.000228116 55 1955 45 0
0.00023212 54 1954 46 0
0.000238899 53 1953 47 0
0.000241319 52 1952 48 0
0.000245962 51 1951 49 0
0.000250487 50 1950 50 0
0.00025714 49 1949 51 0
0.00026118 48 1948 52 0
0.000268282 47 1947 53 0
0.000287608 46 1946 54 0
0.000292791 45 1945 55 0
0.000312599 44 1944 56 0
0.000315881 43 1943 57 0
0.000330842 42 1942 58 0
0.000343154 41 1941 59 0
0.000356776 40 1940 60 0
0.000371343 39 1939 61 0
0.000372173 38 1938 62 0
0.000375165 37 1937 63 0
0.000414552 36 1936 64 0
0.000416455 35 1935 65 0
0.000427455 34 1934 66 0
0.000431493 33 1933 67 0
0.000448058 32 1932 68 0
0.000466342 31 1931 69 0
0.000471728 30 1930 70 0
0.000477145 29 1929 71 0
0.000503494 28 1928 72 0
0.000589011 27 1927 73 0
0.000595 26 1926 74 0
0.000618362 25 1925 75 0
0.000644241 24 1924 76 0
0.000657434 23 1923 77 0
0.000709547 22 1922 78 0
0.000731495 21 1921 79 0
0.00073632 20 1920 80 0
0.000775243 19 1919 81 0
0.000776408 18 1918 82 0
0.000779376 17 1917 83 0
0.000793134 16 1916 84 0
0.000862807 15 1915 85 0
0.000882243 14 1914 86 0
0.000950479 13 1913 87 0
0.000982877 12 1912 88 0
0.000995536 11 1911 89 0
0.00102397 10 1910 90 0
0.00102946 9 1909 91 0
0.00103528 8 1908 92 0
0.00109372 7 1907 93 0
0.00112004 6 1906 94 0
0.00112911 5 1905 95 0
0.00125891 4 1904 96 0
0.00155136 4 1904 96 0
0.00163716 3 1903 97 0
0.00188711 2 1902 98 0
0.00196158 2 1902 97 1
0.00248514 2 1902 96 2
0.00284944 1 1901 97 2
0.00383323 0 1900 98 2
0.0110564 1 1901 96 3
0.0117622 1 1901 96 3
0.0119997 0 1900 97 3
0.0154331 0 1900 97 3
0.0282035 0 1900 97 3
0.0321673 0 1900 97 3
0.0399762 1 1901 95 4
0.0410278 0 1900 96 4
0.0554176 1 1901 94 5
0.0556585 0 1900 95 5
0.0597113 1 1901 93 6
0.0604794 0 1900 94 6
0.0676412 0 1900 94 6
0.0756303 1 1901 92 7
0.0765645 0 1900 93 7
0.104789 1 1901 91 8
0.105174 0 1900 92 8
0.110489 1 1901 90 9
0.110663 0 1900 91 9
0.11274 1 1901 89 10
0.113728 0 1900 90 10
0.114155 0 1900 90 10
0.131956 0 1900 90 10
0.132099 1 1901 88 11
0.1329 0 1900 89 11
0.137034 1 1901 87 12
0.138512 0 1900 88 12
0.143286 1 1901 86 13
0.144075 0 1900 87 13
0.144355 1 1901 85 14
0.144574 0 1900 86 14
0.151233 1 1901 84 15
0.151829 0 1900 85 15
0.153397 1 1901 83 16
0.153734 0 1900 84 16
0.167217 1 1901 82 17
0.16736 0 1900 83 17
0.169874 0 1900 83 17
0.174659 0 1900 83 17
0.177789 1 1901 81 18
0.178926 0 1900 82 18
0.191362 1 1901 80 19
0.191802 0 1900 81 19
0.194115 1 1901 79 20
0.194137 0 1900 80 20
0.198395 0 1900 80 20
0.198704 1 1901 78 21
0.198845 0 1900 79 21
0.204511 0 1900 79 21
0.207428 1 1901 77 22
0.207669 0 1900 78 22
0.210781 1 1901 76 23
0.212309 0 1900 77 23
0.223329 0 1900 77 23
0.226132 1 1901 75 24
0.226846 0 1900 76 24
0.229963 0 1900 76 24
0.233126 0 1900 76 24
0.236702 0 1900 76 24
0.237447 0 1900 76 24
0.244125 1 1901 74 25
0.244277 0 1900 75 25
0.253723 0 1900 75 25
0.267185 0 1900 75 25
0.268317 1 1901 73 26
0.268391 0 1900 74 26
0.2727 1 1901 72 27
0.273435 0 1900 73 27
0.277555 0 1900 73 27
0.280222 0 1900 73 27
0.282333 1 1901 71 28
0.282922 0 1900 72 28
0.311589 1 1901 70 29
0.311792 0 1900 71 29
0.316242 1 1901 69 30
0.317249 0 1900 70 30
0.320494 0 1900 70 30
0.334517 0 1900 70 30
0.338634 0 1900 70 30
0.344074 0 1900 70 30
0.366021 0 1900 70 30
0.366046 1 1901 68 31
0.366247 0 1900 69 31
0.384311 0 1900 69 31
0.396612 1 1901 67 32
0.396624 0 1900 68 32
0.39908 1 1901 66 33
0.399562 0 1900 67 33
0.400112 1 1901 65 34
0.400339 1 1901 64 35
0.401401 0 1900 65 35
0.404956 1 1901 63 36
0.405404 0 1900 64 36
0.406316 0 1900 64 36
0.407393 1 1901 62 37
0.407445 0 1900 63 37
0.408534 1 1901 61 38
0.409231 0 1900 62 38
0.418269 1 1901 60 39
0.418601 0 1900 61 39
0.429002 1 1901 59 40
0.429282 0 1900 60 40
0.434931 0 1900 60 40
0.449079 1 1901 58 41
0.449509 0 1900 59 41
0.454451 1 1901 57 42
0.455597 0 1900 58 42
0.457617 0 1900 58 42
0.460655 1 1901 56 43
0.460766 0 1900 57 43
0.489509 0 1900 57 43
0.492123 1 1901 55 44
0.492392 0 1900 56 44
0.499326 0 1900 56 44
0.502065 0 1900 56 44
0.502249 1 1901 54 45
0.50252 0 1900 55 45
0.507132 1 1901 53 46
0.507168 0 1900 54 46
0.51174 0 1900 54 46
0.512174 0 1900 54 46
0.531189 1 1901 52 47
0.532122 0 1900 53 47
0.549381 0 1900 53 47
0.549613 1 1901 51 48
0.550143 0 1900 52 48
0.551873 1 1901 50 49
0.552268 0 1900 51 49
0.553914 1 1901 49 50
0.554839 0 1900 50 50
0.595163 1 1901 48 51
0.596249 0 1900 49 51
0.611424 0 1900 49 51
0.612728 1 1901 47 52
0.612899 0 1900 48 52
0.616647 0 1900 48 52
0.626116 1 1901 46 53
0.626307 0 1900 47 53
0.627928 1 1901 45 54
0.628336 0 1900 46 54
0.657354 1 1901 44 55
0.657564 0 1900 45 55
0.658207 0 1900 45 55
0.662923 0 1900 45 55
0.666323 0 1900 45 55
0.673866 1 1901 43 56
0.674667 0 1900 44 56
0.67874 1 1901 42 57
0.678872 0 1900 43 57
0.680607 1 1901 41 58
0.680976 0 1900 42 58
0.686233 0 1900 42 58
0.723474 1 1901 40 59
0.724234 0 1900 41 59
0.728627 1 1901 39 60
0.728975 0 1900 40 60
0.746926 1 1901 38 61
0.747252 0 1900 39 61
0.74792 1 1901 37 62
0.748994 0 1900 38 62
0.753033 0 1900 38 62
0.76741 0 1900 38 62
0.786712 1 1901 36 63
0.786913 0 1900 37 63
0.811196 0 1900 37 63
0.816777 1 1901 35 64
0.816902 0 1900 36 64
0.820006 0 1900 36 64
0.828042 1 1901 34 65
0.82851 0 1900 35 65
0.868343 1 1901 33 66
0.868872 0 1900 34 66
0.897589 1 1901 32 67
0.898069 1 1901 32 67
0.898612 0 1900 33 67
0.902328 0 1900 33 67
0.907092 1 1901 31 68
0.908153 1 1901 30 69
0.908183 0 1900 31 69
0.940747 1 1901 29 70
0.940874 0 1900 30 70
0.989982 1 1901 28 71
0.991435 0 1900 29 71
0.998139 0 1900 29 71
1.05213 1 1901 27 72
1.05247 0 1900 28 72
1.07737 0 1900 28 72
1.10879 0 1900 28 72
1.11174 1 1901 26 73
1.11227 0 1900 27 73
1.12412 1 1901 25 74
1.12428 0 1900 26 74
1.20748 1 1901 24 75
1.20968 0 1900 25 75
1.25748 0 1900 25 75
1.27964 0 1900 25 75
1.29879 1 1901 23 76
1.29919 1 1901 23 76
1.2994 0 1900 24 76
1.30061 0 1900 24 76
1.30084 0 1900 24 76
1.31282 0 1900 24 76
1.329 0 1900 24 76
1.35491 0 1900 24 76
1.35882 1 1901 22 77
1.35974 0 1900 23 77
1.36449 1 1901 21 78
1.3653 0 1900 22 78
1.3939 0 1900 22 78
1.39901 0 1900 22 78
1.42406 0 1900 22 78
1.43302 1 1901 20 79
1.434 0 1900 21 79
1.43462 1 1901 19 80
1.4347 0 1900 20 80
1.4564 1 1901 18 81
1.45702 0 1900 19 81
1.50841 0 1900 19 81
1.51405 1 1901 17 82
1.51491 0 1900 18 82
1.51592 1 1901 16 83
1.51665 0 1900 17 83
1.54477 1 1901 15 84
1.54502 0 1900 16 84
1.55855 1 1901 14 85
1.55858 0 1900 15 85
1.60792 0 1900 15 85
1.61846 1 1901 13 86
1.61867 0 1900 14 86
1.6583 0 1900 14 86
1.66671 1 1901 12 87
1.66799 0 1900 13 87
1.71646 0 1900 13 87
1.74019 0 1900 13 87
1.78579 0 1900 13 87
1.81127 1 1901 11 88
1.81159 0 1900 12 88
1.82864 0 1900 12 88
1.86823 1 1901 10 89
1.86858 0 1900 11 89
1.89039 0 1900 11 89
1.92054 1 1901 9 90
1.92127 0 1900 10 90
1.99801 1 1901 8 91
1.99805 0 1900 9 91
2.00237 1 1901 7 92
2.00268 0 1900 8 92
2.16512 1 1901 6 93
2.16534 0 1900 7 93
2.19171 0 1900 7 93
2.20106 1 1901 5 94
2.20246 0 1900 6 94
2.31973 1 1901 4 95
2.32076 0 1900 5 95
2.33885 0 1900 5 95
2.38935 1 1901 3 96
2.39049 0 1900 4 96
2.53337 0 1900 4 96
2.56674 1 1901 2 97
2.5691 0 1900 3 97
2.77734 1 1901 1 98
2.77745 0 1900 2 98
3.33956 0 1900 2 98
3.43638 0 1900 2 98
3.59035 0 1900 2 98
4.00624 0 1900 2 98
4.26819 1 1901 0 99
