4.77387e-006 99 1999 1 0
6.48226e-006 98 1998 2 0
9.44496e-006 97 1997 3 0
3.09849e-005 96 1996 4 0
3.1903e-005 95 1995 5 0
3.44477e-005 94 1994 6 0
3.6184e-005 93 1993 7 0
4.03607e-005 92 1992 8 0
4.31357e-005 91 1991 9 0
5.04675e-005 90 1990 10 0
5.21295e-005 89 1989 11 0
5.46288e-005 88 1988 12 0
5.74441e-005 87 1987 13 0
6.51675e-005 86 1986 14 0
6.85238e-005 85 1985 15 0
7.50178e-005 84 1984 16 0
7.9925e-005 83 1983 17 0
9.00874e-005 82 1982 18 0
0.000104639 81 1981 19 0
0.000113271 80 1980 20 0
0.000119589 79 1979 21 0
0.000130536 78 1978 22 0
0.000133999 77 1977 23 0
0.000139194 76 1976 24 0
0.000158146 75 1975 25 0
0.000170023 74 1974 26 0
0.000173069 73 1973 27 0
0.000179586 72 1972 28 0
0.000180398 71 1971 29 0
0.000182655 70 1970 30 0
0.000183951 69 1969 31 0
0.000188279 68 1968 32 0
0.000189103 67 1967 33 0
0.000193953 66 1966 34 0
0.000194094 65 1965 35 0
0.000196164 64 1964 36 0
0.000205272 63 1963 37 0
0.000211727 62 1962 38 0
0.000211755 61 1961 39 0
0.000231911 60 1960 40 0
0.00023366 59 1959 41 0
0.000243844 58 1958 42 0
0.000251615 57 1957 43 0
0.000260821 56 1956 44 0
0.000272976 55 1955 45 0
0.000288384 54 1954 46 0
0.000294789 53 1953 47 0
0.000305087 52 1952 48 0
0.000320235 51 1951 49 0
0.000328568 50 1950 50 0
0.000358476 49 1949 51 0
0.000364915 48 1948 52 0
0.000365501 47 1947 53 0
0.000381529 46 1946 54 0
0.000385534 45 1945 55 0
0.000391965 44 1944 56 0
0.00041304 43 1943 57 0
0.000415282 42 1942 58 0
0.000415665 41 1941 59 0
0.000434727 40 1940 60 0
0.000449648 39 1939 61 0
0.000461572 38 1938 62 0
0.000462962 37 1937 63 0
0.000494568 36 1936 64 0
0.000503885 35 1935 65 0
0.000513442 34 1934 66 0
0.000531872 33 1933 67 0
0.000532712 32 1932 68 0
0.000561758 31 1931 69 0
0.000586037 30 1930 70 0
0.000595069 29 1929 71 0
0.000607502 28 1928 72 0
0.000659255 27 1927 73 0
0.000663582 26 1926 74 0
0.000683243 25 1925 75 0
0.000742793 24 1924 76 0
0.0007702 23 1923 77 0
0.000844028 22 1922 78 0
0.000860484 21 1921 79 0
0.000871426 20 1920 80 0
0.000884819 19 1919 81 0
0.00091736 18 1918 82 0
0.000921928 17 1917 83 0
0.000929707 16 1916 84 0
0.000949522 15 1915 85 0
0.00103898 14 1914 86 0
0.00105043 13 1913 87 0
0.00105518 12 1912 88 0
0.00115043 11 1911 89 0
0.00123034 10 1910 90 0
0.00123911 9 1909 91 0
0.0012981 8 1908 92 0
0.00147764 7 1907 93 0
0.00150851 6 1906 94 0
0.00151494 5 1905 95 0
0.00169433 4 1904 96 0
0.00171144 3 1903 97 0
0.00198338 2 1902 98 0
0.00293067 1 1901 99 0
0.00366501 0 1900 100 0
0.00961572 1 1901 98 1
0.0102207 0 1900 99 1
0.0156919 1 1901 97 2
0.0165762 0 1900 98 2
0.0193743 0 1900 98 2
0.020133 0 1900 98 2
0.0215183 1 1901 96 3
0.0233545 0 1900 97 3
0.0313692 1 1901 95 4
0.0315105 0 1900 96 4
0.0315859 0 1900 96 4
0.0374589 1 1901 94 5
0.0378425 0 1900 95 5
0.0410602 1 1901 93 6
0.041706 0 1900 94 6
0.042492 1 1901 92 7
0.0430234 0 1900 93 7
0.0498613 0 1900 93 7
0.0512392 1 1901 91 8
0.0522201 0 1900 92 8
0.0574397 1 1901 90 9
0.0576746 0 1900 91 9
0.0599643 1 1901 89 10
0.0604767 1 1901 88 11
0.0605083 0 1900 89 11
0.0626892 0 1900 89 11
0.0653952 1 1901 87 12
0.066434 0 1900 88 12
0.0818557 0 1900 88 12
0.0851136 1 1901 86 13
0.0859503 0 1900 87 13
0.0877995 1 1901 85 14
0.088689 0 1900 86 14
0.0938886 0 1900 86 14
0.0971958 0 1900 86 14
0.11638 0 1900 86 14
0.129673 0 1900 86 14
0.141693 1 1901 84 15
0.142414 0 1900 85 15
0.161972 0 1900 85 15
0.175311 1 1901 83 16
0.17545 1 1901 83 16
0.175486 0 1900 84 16
0.175576 0 1900 84 16
0.187621 1 1901 82 17
0.188059 0 1900 83 17
0.191764 1 1901 81 18
0.192518 0 1900 82 18
0.192626 1 1901 80 19
0.192672 0 1900 81 19
0.198371 1 1901 79 20
0.198693 0 1900 80 20
0.198901 0 1900 80 20
0.198933 1 1901 78 21
0.199508 0 1900 79 21
0.209416 1 1901 77 22
0.210123 0 1900 78 22
0.222116 1 1901 76 23
0.22296 1 1901 76 23
0.223087 0 1900 77 23
0.225336 1 1901 75 24
0.226399 0 1900 76 24
0.234864 0 1900 76 24
0.247881 1 1901 74 25
0.248089 0 1900 75 25
0.248569 0 1900 75 25
0.263586 0 1900 75 25
0.266892 1 1901 73 26
0.266961 0 1900 74 26
0.26919 0 1900 74 26
0.269873 0 1900 74 26
0.27635 1 1901 72 27
0.276683 0 1900 73 27
0.27673 1 1901 71 28
0.276852 0 1900 72 28
0.279117 1 1901 70 29
0.279449 0 1900 71 29
0.282569 0 1900 71 29
0.287984 1 1901 69 30
0.288139 0 1900 70 30
0.290965 0 1900 70 30
0.295537 1 1901 68 31
0.295723 0 1900 69 31
0.297651 0 1900 69 31
0.30525 1 1901 67 32
0.305421 0 1900 68 32
0.318144 0 1900 68 32
0.323461 1 1901 66 33
0.3236 0 1900 67 33
0.333231 1 1901 65 34
0.333807 0 1900 66 34
0.339245 1 1901 64 35
0.339292 0 1900 65 35
0.340531 0 1900 65 35
0.348848 1 1901 63 36
0.34909 0 1900 64 36
0.361335 0 1900 64 36
0.364574 0 1900 64 36
0.374369 0 1900 64 36
0.375698 1 1901 62 37
0.375938 1 1901 62 37
0.376591 1 1901 62 37
0.376996 0 1900 63 37
0.378316 1 1901 61 38
0.378689 1 1901 61 38
0.378734 0 1900 62 38
0.384381 1 1901 60 39
0.385394 0 1900 61 39
0.385912 0 1900 61 39
0.39149 1 1901 59 40
0.392092 1 1901 58 41
0.392188 0 1900 59 41
0.413961 1 1901 57 42
0.414764 1 1901 57 42
0.415526 0 1900 58 42
0.435152 0 1900 58 42
0.440811 1 1901 56 43
0.441048 0 1900 57 43
0.456815 0 1900 57 43
0.470649 0 1900 57 43
0.472637 0 1900 57 43
0.475384 0 1900 57 43
0.48853 1 1901 55 44
0.489626 0 1900 56 44
0.500895 1 1901 54 45
0.501529 0 1900 55 45
0.502658 1 1901 53 46
0.502766 0 1900 54 46
0.505403 1 1901 52 47
0.505448 0 1900 53 47
0.506061 1 1901 51 48
0.506836 0 1900 52 48
0.512133 0 1900 52 48
0.513196 0 1900 52 48
0.513401 0 1900 52 48
0.516702 0 1900 52 48
0.522611 1 1901 50 49
0.523008 0 1900 51 49
0.529187 0 1900 51 49
0.540885 0 1900 51 49
0.553216 0 1900 51 49
0.556038 0 1900 51 49
0.558154 1 1901 49 50
0.558606 0 1900 50 50
0.568649 1 1901 48 51
0.56901 0 1900 49 51
0.596113 0 1900 49 51
0.610461 1 1901 47 52
0.610482 0 1900 48 52
0.632577 1 1901 46 53
0.632782 0 1900 47 53
0.633829 0 1900 47 53
0.653338 1 1901 45 54
0.653509 0 1900 46 54
0.658686 1 1901 44 55
0.658694 0 1900 45 55
0.659374 1 1901 43 56
0.659833 0 1900 44 56
0.660712 0 1900 44 56
0.662212 0 1900 44 56
0.666161 0 1900 44 56
0.673952 0 1900 44 56
0.684643 1 1901 42 57
0.684835 0 1900 43 57
0.693123 0 1900 43 57
0.710066 1 1901 41 58
0.710988 0 1900 42 58
0.714343 1 1901 40 59
0.714475 0 1900 41 59
0.751685 1 1901 39 60
0.751771 1 1901 39 60
0.751859 0 1900 40 60
0.753084 1 1901 38 61
0.753322 0 1900 39 61
0.770573 0 1900 39 61
0.772214 1 1901 37 62
0.77299 0 1900 38 62
0.783285 0 1900 38 62
0.785749 1 1901 36 63
0.786196 0 1900 37 63
0.791905 0 1900 37 63
0.826336 1 1901 35 64
0.826626 0 1900 36 64
0.833323 1 1901 34 65
0.834316 0 1900 35 65
0.835732 1 1901 33 66
0.835907 0 1900 34 66
0.836548 0 1900 34 66
0.846946 1 1901 32 67
0.847115 0 1900 33 67
0.847356 1 1901 31 68
0.847728 0 1900 32 68
0.847802 0 1900 32 68
0.852384 0 1900 32 68
0.864014 0 1900 32 68
0.868921 0 1900 32 68
0.8771 1 1901 30 69
0.87756 0 1900 31 69
0.910698 0 1900 31 69
0.932117 0 1900 31 69
0.93777 0 1900 31 69
0.945015 0 1900 31 69
0.947015 1 1901 29 70
0.947107 0 1900 30 70
0.953855 1 1901 28 71
0.953919 0 1900 29 71
0.968578 1 1901 27 72
0.969527 0 1900 28 72
0.973512 0 1900 28 72
0.980548 1 1901 26 73
0.980834 1 1901 25 74
0.9814 0 1900 26 74
1.02635 0 1900 26 74
1.02896 0 1900 26 74
1.05487 0 1900 26 74
1.05747 0 1900 26 74
1.06926 0 1900 26 74
1.08248 0 1900 26 74
1.11437 1 1901 24 75
1.11487 0 1900 25 75
1.17409 0 1900 25 75
1.20357 1 1901 23 76
1.20489 0 1900 24 76
1.21002 0 1900 24 76
1.27582 0 1900 24 76
1.29227 0 1900 24 76
1.30584 0 1900 24 76
1.3294 1 1901 22 77
1.32964 0 1900 23 77
1.39858 0 1900 23 77
1.4126 1 1901 21 78
1.41451 0 1900 22 78
1.43568 0 1900 22 78
1.44497 0 1900 22 78
1.45626 0 1900 22 78
1.4591 1 1901 20 79
1.45914 0 1900 21 79
1.46523 0 1900 21 79
1.47844 0 1900 21 79
1.48894 0 1900 21 79
1.4945 0 1900 21 79
1.53254 0 1900 21 79
1.53559 0 1900 21 79
1.57201 1 1901 19 80
1.57269 0 1900 20 80
1.59678 1 1901 18 81
1.59701 0 1900 19 81
1.60613 0 1900 19 81
1.61712 1 1901 17 82
1.61797 0 1900 18 82
1.6541 1 1901 16 83
1.65542 0 1900 17 83
1.69891 0 1900 17 83
1.72308 1 1901 15 84
1.72325 0 1900 16 84
1.74939 1 1901 14 85
1.74952 0 1900 15 85
1.75148 1 1901 13 86
1.75201 0 1900 14 86
1.75455 0 1900 14 86
1.76221 0 1900 14 86
1.80933 1 1901 12 87
1.8097 0 1900 13 87
1.85402 0 1900 13 87
1.89046 0 1900 13 87
1.99523 1 1901 11 88
1.99561 0 1900 12 88
2.1008 1 1901 10 89
2.10111 0 1900 11 89
2.23431 1 1901 9 90
2.2347 0 1900 10 90
2.30422 0 1900 10 90
2.35463 1 1901 8 91
2.35489 0 1900 9 91
2.36517 1 1901 7 92
2.3653 0 1900 8 92
2.39162 1 1901 6 93
2.39163 0 1900 7 93
2.55206 0 1900 7 93
2.58261 1 1901 5 94
2.58326 0 1900 6 94
2.73329 0 1900 6 94
2.76802 1 1901 4 95
2.76848 0 1900 5 95
2.9702 0 1900 5 95
3.07505 0 1900 5 95
3.08207 1 1901 3 96
3.08235 0 1900 4 96
3.14465 1 1901 2 97
3.14654 0 1900 3 97
3.33669 0 1900 3 97
3.44364 0 1900 3 97
3.46264 1 1901 1 98
3.46282 0 1900 2 98
3.5616 0 1900 2 98
3.58173 0 1900 2 98
3.65905 1 1901 0 99
