5.19737e-007 99 1999 1 0
2.70634e-006 98 1998 2 0
8.50528e-006 97 1997 3 0
1.07132e-005 96 1996 4 0
2.59227e-005 95 1995 5 0
2.68538e-005 94 1994 6 0
3.23788e-005 93 1993 7 0
4.83062e-005 92 1992 8 0
4.95677e-005 91 1991 9 0
6.13983e-005 90 1990 10 0
8.74902e-005 89 1989 11 0
8.82722e-005 88 1988 12 0
9.53986e-005 87 1987 13 0
9.83406e-005 86 1986 14 0
0.000100118 85 1985 15 0
0.000100631 84 1984 16 0
0.000106731 83 1983 17 0
0.000110076 82 1982 18 0
0.000111608 81 1981 19 0
0.000118824 80 1980 20 0
0.000119413 79 1979 21 0
0.000130007 78 1978 22 0
0.000136279 77 1977 23 0
0.000140811 76 1976 24 0
0.000141282 75 1975 25 0
0.000143041 74 1974 26 0
0.000146097 73 1973 27 0
0.000147101 72 1972 28 0
0.000158985 71 1971 29 0
0.000160928 70 1970 30 0
0.000161014 69 1969 31 0
0.000161083 68 1968 32 0
0.000166574 67 1967 33 0
0.00017579 66 1966 34 0
0.000185609 65 1965 35 0
0.000190402 64 1964 36 0
0.000194695 63 1963 37 0
0.000202406 62 1962 38 0
0.000207847 61 1961 39 0
0.00021007 60 1960 40 0
0.000212443 59 1959 41 0
0.000215152 58 1958 42 0
0.000229546 57 1957 43 0
0.000233799 56 1956 44 0
0.000234604 55 1955 45 0
0.000250897 54 1954 46 0
0.000262842 53 1953 47 0
0.000268914 52 1952 48 0
0.000277584 51 1951 49 0
0.000280434 50 1950 50 0
0.000282549 49 1949 51 0
0.000285315 48 1948 52 0
0.000293681 47 1947 53 0
0.000303576 46 1946 54 0
0.000328564 45 1945 55 0
0.000337868 44 1944 56 0
0.000361601 43 1943 57 0
0.000377239 42 1942 58 0
0.000383094 41 1941 59 0
0.000406806 40 1940 60 0
0.000441189 39 1939 61 0
0.000446947 38 1938 62 0
0.000458705 37 1937 63 0
0.000479895 36 1936 64 0
0.000484331 35 1935 65 0
0.000493281 34 1934 66 0
0.000512595 33 1933 67 0
0.000521137 32 1932 68 0
0.000539195 31 1931 69 0
0.000541211 30 1930 70 0
0.000556887 29 1929 71 0
0.000579449 28 1928 72 0
0.000600191 27 1927 73 0
0.000622244 26 1926 74 0
0.000627528 25 1925 75 0
0.000637473 24 1924 76 0
0.000647032 23 1923 77 0
0.000656782 22 1922 78 0
0.000710565 21 1921 79 0
0.000713804 20 1920 80 0
0.00073694 19 1919 81 0
0.000738959 18 1918 82 0
0.000759852 17 1917 83 0
0.000769837 16 1916 84 0
0.000800279 15 1915 85 0
0.000871782 14 1914 86 0
0.000893255 13 1913 87 0
0.000958768 12 1912 88 0
0.00113873 11 1911 89 0
0.00117601 10 1910 90 0
0.00122434 9 1909 91 0
0.00128524 8 1908 92 0
0.00149809 7 1907 93 0
0.00158628 6 1906 94 0
0.0015917 5 1905 95 0
0.00166398 4 1904 96 0
0.00168906 3 1903 97 0
0.00172331 2 1902 98 0
0.00221914 1 1901 99 0
0.00334718 0 1900 100 0
0.0101484 0 1900 100 0
0.0229524 0 1900 100 0
0.0251626 1 1901 98 1
0.0258387 0 1900 99 1
0.0321988 1 1901 97 2
0.0322372 0 1900 98 2
0.0414288 1 1901 96 3
0.041526 0 1900 97 3
0.0557525 0 1900 97 3
0.0606159 0 1900 97 3
0.0647734 1 1901 95 4
0.0655049 0 1900 96 4
0.0669619 0 1900 96 4
0.0682687 0 1900 96 4
0.0690721 1 1901 94 5
0.0692072 1 1901 93 6
0.0692396 0 1900 94 6
0.074894 0 1900 94 6
0.0774497 1 1901 92 7
0.0776575 1 1901 92 7
0.0778877 1 1901 91 8
0.0781175 0 1900 92 8
0.0804496 0 1900 92 8
0.0827155 0 1900 92 8
0.0830792 1 1901 90 9
0.0835935 1 1901 90 9
0.0850659 0 1900 91 9
0.0910012 0 1900 91 9
0.0959944 1 1901 89 10
0.0975807 0 1900 90 10
0.107544 0 1900 90 10
0.108034 1 1901 88 11
0.108116 0 1900 89 11
0.117298 1 1901 87 12
0.117787 0 1900 88 12
0.119131 1 1901 86 13
0.119174 0 1900 87 13
0.132518 0 1900 87 13
0.138912 0 1900 87 13
0.141227 1 1901 85 14
0.141851 1 1901 85 14
0.142509 0 1900 86 14
0.15812 0 1900 86 14
0.164756 1 1901 84 15
0.165248 0 1900 85 15
0.169631 1 1901 83 16
0.16997 0 1900 84 16
0.170293 1 1901 82 17
0.170396 0 1900 83 17
0.174037 0 1900 83 17
0.176562 0 1900 83 17
0.1863 1 1901 81 18
0.186662 0 1900 82 18
0.190122 1 1901 80 19
0.190385 0 1900 81 19
0.19183 0 1900 81 19
0.205533 0 1900 81 19
0.206342 0 1900 81 19
0.208154 0 1900 81 19
0.209784 1 1901 79 20
0.210005 0 1900 80 20
0.212906 1 1901 78 21
0.213737 1 1901 78 21
0.214214 0 1900 79 21
0.232287 1 1901 77 22
0.232299 1 1901 76 23
0.233107 0 1900 77 23
0.236805 0 1900 77 23
0.277313 0 1900 77 23
0.278056 0 1900 77 23
0.280395 1 1901 75 24
0.281384 0 1900 76 24
0.282289 0 1900 76 24
0.285534 0 1900 76 24
0.29551 0 1900 76 24
0.300721 1 1901 74 25
0.300944 0 1900 75 25
0.303394 0 1900 75 25
0.308503 1 1901 73 26
0.308565 0 1900 74 26
0.318477 0 1900 74 26
0.320734 0 1900 74 26
0.324713 0 1900 74 26
0.326775 1 1901 72 27
0.327014 1 1901 72 27
0.327268 0 1900 73 27
0.328195 1 1901 71 28
0.328221 1 1901 71 28
0.328665 0 1900 72 28
0.333243 1 1901 70 29
0.333548 0 1900 71 29
0.342064 0 1900 71 29
0.354333 0 1900 71 29
0.358994 0 1900 71 29
0.363937 0 1900 71 29
0.372379 1 1901 69 30
0.372867 0 1900 70 30
0.37588 0 1900 70 30
0.385734 0 1900 70 30
0.388136 1 1901 68 31
0.388229 0 1900 69 31
0.389382 1 1901 67 32
0.390148 0 1900 68 32
0.393199 1 1901 66 33
0.393224 0 1900 67 33
0.401866 1 1901 65 34
0.402077 0 1900 66 34
0.409314 1 1901 64 35
0.409674 1 1901 64 35
0.409921 0 1900 65 35
0.418479 0 1900 65 35
0.421993 1 1901 63 36
0.422032 0 1900 64 36
0.430448 0 1900 64 36
0.433379 1 1901 62 37
0.433587 0 1900 63 37
0.438027 0 1900 63 37
0.443512 0 1900 63 37
0.446149 0 1900 63 37
0.447555 1 1901 61 38
0.448447 0 1900 62 38
0.456368 1 1901 60 39
0.456793 0 1900 61 39
0.457226 0 1900 61 39
0.471159 0 1900 61 39
0.488376 0 1900 61 39
0.489014 0 1900 61 39
0.518957 0 1900 61 39
0.521302 0 1900 61 39
0.521539 0 1900 61 39
0.535869 0 1900 61 39
0.536939 1 1901 59 40
0.537799 0 1900 60 40
0.567131 0 1900 60 40
0.576954 0 1900 60 40
0.589963 1 1901 58 41
0.591078 0 1900 59 41
0.59377 0 1900 59 41
0.597844 0 1900 59 41
0.60599 0 1900 59 41
0.615822 1 1901 57 42
0.615881 0 1900 58 42
0.632114 0 1900 58 42
0.634185 1 1901 56 43
0.635278 0 1900 57 43
0.643179 1 1901 55 44
0.643214 0 1900 56 44
0.644675 0 1900 56 44
0.653294 1 1901 54 45
0.653561 0 1900 55 45
0.655563 0 1900 55 45
0.659313 1 1901 53 46
0.660027 1 1901 52 47
0.661429 0 1900 53 47
0.662345 0 1900 53 47
0.675979 0 1900 53 47
0.68686 1 1901 51 48
0.687354 0 1900 52 48
0.689698 0 1900 52 48
0.699054 1 1901 50 49
0.699253 0 1900 51 49
0.717283 1 1901 49 50
0.718519 1 1901 48 51
0.71933 0 1900 49 51
0.730643 1 1901 47 52
0.730658 0 1900 48 52
0.731435 1 1901 46 53
0.732161 0 1900 47 53
0.741038 1 1901 45 54
0.741208 0 1900 46 54
0.742725 0 1900 46 54
0.759504 0 1900 46 54
0.795343 0 1900 46 54
0.799058 1 1901 44 55
0.799407 0 1900 45 55
0.809051 0 1900 45 55
0.816547 1 1901 43 56
0.817009 0 1900 44 56
0.821651 1 1901 42 57
0.821825 0 1900 43 57
0.828264 1 1901 41 58
0.828484 0 1900 42 58
0.842126 1 1901 40 59
0.843167 0 1900 41 59
0.843532 1 1901 39 60
0.843723 0 1900 40 60
0.843852 1 1901 38 61
0.844726 0 1900 39 61
0.848727 1 1901 37 62
0.848916 0 1900 38 62
0.850513 0 1900 38 62
0.855439 0 1900 38 62
0.885316 0 1900 38 62
0.885924 0 1900 38 62
0.892435 0 1900 38 62
0.907506 0 1900 38 62
0.942054 0 1900 38 62
0.946262 0 1900 38 62
0.955088 1 1901 36 63
0.955275 0 1900 37 63
0.963823 1 1901 35 64
0.964056 0 1900 36 64
0.969862 1 1901 34 65
0.97084 0 1900 35 65
1.01087 1 1901 33 66
1.01102 0 1900 34 66
1.02326 0 1900 34 66
1.05527 0 1900 34 66
1.07109 1 1901 32 67
1.0717 0 1900 33 67
1.07578 1 1901 31 68
1.07684 0 1900 32 68
1.10308 1 1901 30 69
1.10309 0 1900 31 69
1.10386 0 1900 31 69
1.11717 0 1900 31 69
1.14261 1 1901 29 70
1.14268 0 1900 30 70
1.17195 1 1901 28 71
1.17258 0 1900 29 71
1.21411 1 1901 27 72
1.21411 0 1900 28 72
1.22492 1 1901 26 73
1.22504 0 1900 27 73
1.23732 1 1901 25 74
1.23758 0 1900 26 74
1.24011 0 1900 26 74
1.25869 0 1900 26 74
1.26592 0 1900 26 74
1.26918 1 1901 24 75
1.26918 0 1900 25 75
1.33701 1 1901 23 76
1.33737 0 1900 24 76
1.35958 0 1900 24 76
1.36596 1 1901 22 77
1.36599 0 1900 23 77
1.3927 1 1901 21 78
1.39358 0 1900 22 78
1.4083 1 1901 20 79
1.40833 0 1900 21 79
1.435 1 1901 19 80
1.43525 0 1900 20 80
1.44779 0 1900 20 80
1.46545 1 1901 18 81
1.4656 0 1900 19 81
1.49013 0 1900 19 81
1.49294 1 1901 17 82
1.49356 0 1900 18 82
1.52773 0 1900 18 82
1.53759 0 1900 18 82
1.55925 1 1901 16 83
1.55952 0 1900 17 83
1.57722 1 1901 15 84
1.57739 0 1900 16 84
1.5945 0 1900 16 84
1.82142 1 1901 14 85
1.82149 0 1900 15 85
1.82825 0 1900 15 85
1.85051 0 1900 15 85
1.96961 1 1901 13 86
1.96963 0 1900 14 86
2.00488 0 1900 14 86
2.0118 1 1901 12 87
2.01259 0 1900 13 87
2.01605 1 1901 11 88
2.01686 0 1900 12 88
2.05997 0 1900 12 88
2.06512 0 1900 12 88
2.14673 1 1901 10 89
2.14693 0 1900 11 89
2.15547 0 1900 11 89
2.18681 1 1901 9 90
2.187 0 1900 10 90
2.24578 0 1900 10 90
2.38074 1 1901 8 91
2.38092 0 1900 9 91
2.44857 0 1900 9 91
2.54458 1 1901 7 92
2.54467 0 1900 8 92
2.54998 0 1900 8 92
2.71333 0 1900 8 92
2.72617 1 1901 6 93
2.72672 0 1900 7 93
2.76226 0 1900 7 93
2.7815 1 1901 5 94
2.78163 0 1900 6 94
2.88254 1 1901 4 95
2.88348 0 1900 5 95
2.9242 1 1901 3 96
2.92428 0 1900 4 96
2.97921 1 1901 2 97
2.97969 0 1900 3 97
3.2814 0 1900 3 97
3.30624 1 1901 1 98
3.30628 0 1900 2 98
3.39678 1 1901 0 99
