5.75924e-007 99 1999 1 0
1.23195e-005 98 1998 2 0
1.90539e-005 97 1997 3 0
2.07168e-005 96 1996 4 0
2.41879e-005 95 1995 5 0
2.89083e-005 94 1994 6 0
2.9377e-005 93 1993 7 0
3.02102e-005 92 1992 8 0
4.088e-005 91 1991 9 0
4.16127e-005 90 1990 10 0
4.52025e-005 89 1989 11 0
5.57696e-005 88 1988 12 0
6.16068e-005 87 1987 13 0
7.32514e-005 86 1986 14 0
7.33975e-005 85 1985 15 0
7.34104e-005 84 1984 16 0
7.40731e-005 83 1983 17 0
8.11462e-005 82 1982 18 0
8.2176e-005 81 1981 19 0
8.88087e-005 80 1980 20 0
8.95003e-005 79 1979 21 0
9.27438e-005 78 1978 22 0
9.69959e-005 77 1977 23 0
0.000100289 76 1976 24 0
0.000101411 75 1975 25 0
0.000106844 74 1974 26 0
0.000107573 73 1973 27 0
0.000120828 72 1972 28 0
0.000137574 71 1971 29 0
0.000144887 70 1970 30 0
0.000146864 69 1969 31 0
0.000153128 68 1968 32 0
0.000182454 67 1967 33 0
0.000190173 66 1966 34 0
0.000192652 65 1965 35 0
0.000195042 64 1964 36 0
0.000196618 63 1963 37 0
0.000220355 62 1962 38 0
0.000221698 61 1961 39 0
0.000226072 60 1960 40 0
0.000226848 59 1959 41 0
0.000237203 58 1958 42 0
0.000238552 57 1957 43 0
0.000241355 56 1956 44 0
0.000241587 55 1955 45 0
0.00024697 54 1954 46 0
0.000247107 53 1953 47 0
0.00024997 52 1952 48 0
0.000254928 51 1951 49 0
0.000257087 50 1950 50 0
0.000265237 49 1949 51 0
0.000277013 48 1948 52 0
0.000282417 47 1947 53 0
0.000306387 46 1946 54 0
0.000312945 45 1945 55 0
0.000334199 44 1944 56 0
0.000335585 43 1943 57 0
0.000337826 42 1942 58 0
0.000348955 41 1941 59 0
0.000360269 40 1940 60 0
0.000407018 39 1939 61 0
0.000418639 38 1938 62 0
0.000437416 37 1937 63 0
0.000439458 36 1936 64 0
0.000452747 35 1935 65 0
0.000454893 34 1934 66 0
0.000466062 33 1933 67 0
0.000471913 32 1932 68 0
0.000472448 31 1931 69 0
0.000476527 30 1930 70 0
0.000504876 29 1929 71 0
0.00050911 28 1928 72 0
0.000515166 27 1927 73 0
0.000565146 26 1926 74 0
0.000581465 25 1925 75 0
0.000585321 24 1924 76 0
0.000593855 23 1923 77 0
0.000624501 22 1922 78 0
0.000689555 21 1921 79 0
0.000693272 20 1920 80 0
0.000708984 19 1919 81 0
0.000733419 18 1918 82 0
0.000784942 17 1917 83 0
0.000802421 16 1916 84 0
0.000904872 15 1915 85 0
0.000915749 14 1914 86 0
0.000971469 13 1913 87 0
0.00104909 12 1912 88 0
0.00106064 11 1911 89 0
0.00107502 10 1910 90 0
0.00108766 9 1909 91 0
0.00109917 8 1908 92 0
0.00111796 7 1907 93 0
0.00130772 6 1906 94 0
0.00132283 5 1905 95 0
0.00132683 4 1904 96 0
0.00138934 3 1903 97 0
0.00139476 2 1902 98 0
0.00145611 1 1901 99 0
0.00153598 0 1900 100 0
0.00659158 1 1901 98 1
0.00721226 0 1900 99 1
0.0296433 1 1901 97 2
0.0313921 0 1900 98 2
0.0326226 0 1900 98 2
0.0414466 1 1901 96 3
0.0423499 1 1901 95 4
0.0428617 0 1900 96 4
0.0465883 0 1900 96 4
0.0499795 1 1901 94 5
0.0500312 0 1900 95 5
0.0531442 1 1901 93 6
0.0534177 1 1901 93 6
0.0535685 0 1900 94 6
0.0572987 0 1900 94 6
0.060181 0 1900 94 6
0.0609038 0 1900 94 6
0.0660069 1 1901 92 7
0.0660937 0 1900 93 7
0.0710298 1 1901 91 8
0.0710551 0 1900 92 8
0.0759273 0 1900 92 8
0.0856246 1 1901 90 9
0.08593 0 1900 91 9
0.0893076 1 1901 89 10
0.0893615 0 1900 90 10
0.0935986 1 1901 88 11
0.0944338 0 1900 89 11
0.0958965 0 1900 89 11
0.0994125 1 1901 87 12
0.0998705 0 1900 88 12
0.1 0 1900 88 12
0.100488 1 1901 86 13
0.100663 0 1900 87 13
0.101463 1 1901 85 14
0.101926 0 1900 86 14
0.103016 0 1900 86 14
0.116446 0 1900 86 14
0.122291 1 1901 84 15
0.12249 0 1900 85 15
0.122763 1 1901 83 16
0.123669 0 1900 84 16
0.125981 0 1900 84 16
0.129779 1 1901 82 17
0.132091 0 1900 83 17
0.13285 1 1901 81 18
0.133249 0 1900 82 18
0.13892 1 1901 80 19
0.139588 0 1900 81 19
0.143946 1 1901 79 20
0.144715 0 1900 80 20
0.153286 0 1900 80 20
0.158898 0 1900 80 20
0.162328 0 1900 80 20
0.172952 1 1901 78 21
0.173783 0 1900 79 21
0.184369 1 1901 77 22
0.184411 0 1900 78 22
0.187988 0 1900 78 22
0.19293 1 1901 76 23
0.193306 0 1900 77 23
0.193814 1 1901 75 24
0.194111 0 1900 76 24
0.201002 1 1901 74 25
0.202605 0 1900 75 25
0.204758 1 1901 73 26
0.204848 0 1900 74 26
0.210362 0 1900 74 26
0.228236 0 1900 74 26
0.229529 1 1901 72 27
0.229548 0 1900 73 27
0.232179 0 1900 73 27
0.247699 0 1900 73 27
0.253141 0 1900 73 27
0.269303 1 1901 71 28
0.269308 0 1900 72 28
0.271576 1 1901 70 29
0.27194 0 1900 71 29
0.276847 1 1901 69 30
0.277167 0 1900 70 30
0.278418 0 1900 70 30
0.278522 1 1901 68 31
0.278734 0 1900 69 31
0.283243 0 1900 69 31
0.286791 0 1900 69 31
0.292072 0 1900 69 31
0.292405 0 1900 69 31
0.293048 0 1900 69 31
0.293252 1 1901 67 32
0.293434 0 1900 68 32
0.310648 1 1901 66 33
0.311282 0 1900 67 33
0.313107 1 1901 65 34
0.313107 0 1900 66 34
0.352285 0 1900 66 34
0.354632 1 1901 64 35
0.354859 0 1900 65 35
0.35968 1 1901 63 36
0.36006 0 1900 64 36
0.369955 1 1901 62 37
0.370675 0 1900 63 37
0.37203 1 1901 61 38
0.372598 0 1900 62 38
0.374483 0 1900 62 38
0.380582 0 1900 62 38
0.39298 0 1900 62 38
0.401781 1 1901 60 39
0.402 0 1900 61 39
0.426627 0 1900 61 39
0.430526 1 1901 59 40
0.43072 0 1900 60 40
0.430915 0 1900 60 40
0.432861 0 1900 60 40
0.443389 1 1901 58 41
0.443398 0 1900 59 41
0.448041 0 1900 59 41
0.453332 0 1900 59 41
0.454621 1 1901 57 42
0.455709 0 1900 58 42
0.464167 0 1900 58 42
0.467523 0 1900 58 42
0.47892 0 1900 58 42
0.485293 0 1900 58 42
0.490144 1 1901 56 43
0.490695 0 1900 57 43
0.509258 1 1901 55 44
0.511103 0 1900 56 44
0.519439 1 1901 54 45
0.520553 0 1900 55 45
0.522589 0 1900 55 45
0.524324 0 1900 55 45
0.530947 1 1901 53 46
0.53126 1 1901 53 46
0.532248 0 1900 54 46
0.543165 1 1901 52 47
0.543226 0 1900 53 47
0.566492 1 1901 51 48
0.566641 0 1900 52 48
0.589614 1 1901 50 49
0.589798 0 1900 51 49
0.591521 0 1900 51 49
0.592208 0 1900 51 49
0.599532 1 1901 49 50
0.600167 0 1900 50 50
0.602809 0 1900 50 50
0.614553 0 1900 50 50
0.621135 0 1900 50 50
0.636828 0 1900 50 50
0.641191 1 1901 48 51
0.64122 0 1900 49 51
0.643757 0 1900 49 51
0.647355 1 1901 47 52
0.647623 0 1900 48 52
0.664719 1 1901 46 53
0.664931 1 1901 45 54
0.665043 0 1900 46 54
0.682656 1 1901 44 55
0.683613 1 1901 44 55
0.684138 0 1900 45 55
0.710055 1 1901 43 56
0.710552 0 1900 44 56
0.714721 1 1901 42 57
0.715084 0 1900 43 57
0.739314 0 1900 43 57
0.743516 1 1901 41 58
0.744338 0 1900 42 58
0.758271 1 1901 40 59
0.75879 0 1900 41 59
0.767655 0 1900 41 59
0.769906 0 1900 41 59
0.77716 0 1900 41 59
0.779236 0 1900 41 59
0.789398 1 1901 39 60
0.78973 0 1900 40 60
0.791132 1 1901 38 61
0.791534 0 1900 39 61
0.792522 0 1900 39 61
0.801715 1 1901 37 62
0.803061 0 1900 38 62
0.806724 0 1900 38 62
0.80788 0 1900 38 62
0.817772 0 1900 38 62
0.824795 1 1901 36 63
0.825106 0 1900 37 63
0.834948 0 1900 37 63
0.843775 1 1901 35 64
0.845127 0 1900 36 64
0.846227 1 1901 34 65
0.846236 0 1900 35 65
0.857752 1 1901 33 66
0.858477 0 1900 34 66
0.890543 1 1901 32 67
0.890634 0 1900 33 67
0.892421 1 1901 31 68
0.892765 0 1900 32 68
0.896496 0 1900 32 68
0.897448 0 1900 32 68
0.985764 0 1900 32 68
1.01074 1 1901 30 69
1.01192 0 1900 31 69
1.01771 0 1900 31 69
1.02167 1 1901 29 70
1.02213 0 1900 30 70
1.0421 0 1900 30 70
1.04846 1 1901 28 71
1.04846 0 1900 29 71
1.06269 0 1900 29 71
1.1535 0 1900 29 71
1.15487 1 1901 27 72
1.15502 0 1900 28 72
1.15586 1 1901 26 73
1.15735 0 1900 27 73
1.16115 1 1901 25 74
1.16134 0 1900 26 74
1.16939 0 1900 26 74
1.23476 0 1900 26 74
1.24307 0 1900 26 74
1.24747 1 1901 24 75
1.24769 0 1900 25 75
1.26634 0 1900 25 75
1.27128 1 1901 23 76
1.27135 0 1900 24 76
1.2884 0 1900 24 76
1.32107 0 1900 24 76
1.33971 1 1901 22 77
1.34001 0 1900 23 77
1.35698 0 1900 23 77
1.3699 0 1900 23 77
1.37018 0 1900 23 77
1.43638 1 1901 21 78
1.43691 0 1900 22 78
1.45255 0 1900 22 78
1.48298 1 1901 20 79
1.48346 0 1900 21 79
1.48757 1 1901 19 80
1.48771 0 1900 20 80
1.48954 1 1901 18 81
1.48994 0 1900 19 81
1.54834 1 1901 17 82
1.54836 0 1900 18 82
1.55067 0 1900 18 82
1.56988 1 1901 16 83
1.56989 0 1900 17 83
1.59466 1 1901 15 84
1.59526 0 1900 16 84
1.63223 1 1901 14 85
1.63248 0 1900 15 85
1.63905 1 1901 13 86
1.63912 0 1900 14 86
1.73537 1 1901 12 87
1.73545 0 1900 13 87
1.80464 0 1900 13 87
1.86913 0 1900 13 87
1.87803 0 1900 13 87
1.93867 1 1901 11 88
1.93889 0 1900 12 88
1.96821 1 1901 10 89
1.96871 0 1900 11 89
2.01067 1 1901 9 90
2.01067 0 1900 10 90
2.15417 0 1900 10 90
2.21205 0 1900 10 90
2.23267 1 1901 8 91
2.23308 0 1900 9 91
2.32009 1 1901 7 92
2.32011 0 1900 8 92
2.35747 0 1900 8 92
2.40611 1 1901 6 93
2.40818 1 1901 5 94
2.40849 0 1900 6 94
2.48335 1 1901 4 95
2.48345 0 1900 5 95
2.53907 1 1901 3 96
2.53927 0 1900 4 96
2.63275 0 1900 4 96
2.6745 0 1900 4 96
2.68994 0 1900 4 96
2.7569 0 1900 4 96
2.81964 1 1901 2 97
2.82124 0 1900 3 97
2.9635 0 1900 3 97
2.98373 0 1900 3 97
3.06223 0 1900 3 97
3.12302 1 1901 1 98
3.12366 0 1900 2 98
3.80418 0 1900 2 98
4.11474 1 1901 0 99
