2.10034e-006 99 1999 1 0
1.33576e-005 98 1998 2 0
2.1537e-005 97 1997 3 0
2.26702e-005 96 1996 4 0
2.34568e-005 95 1995 5 0
2.55611e-005 94 1994 6 0
4.3707e-005 93 1993 7 0
4.85015e-005 92 1992 8 0
4.95313e-005 91 1991 9 0
5.54998e-005 90 1990 10 0
6.2301e-005 89 1989 11 0
6.3615e-005 88 1988 12 0
7.00694e-005 87 1987 13 0
7.55419e-005 86 1986 14 0
8.48665e-005 85 1985 15 0
9.00668e-005 84 1984 16 0
9.52778e-005 83 1983 17 0
0.000106995 82 1982 18 0
0.00010942 81 1981 19 0
0.000116253 80 1980 20 0
0.000118568 79 1979 21 0
0.000120755 78 1978 22 0
0.000121928 77 1977 23 0
0.000124099 76 1976 24 0
0.000145731 75 1975 25 0
0.000153772 74 1974 26 0
0.000166941 73 1973 27 0
0.00019416 72 1972 28 0
0.000209538 71 1971 29 0
0.000219737 70 1970 30 0
0.000232934 69 1969 31 0
0.000235026 68 1968 32 0
0.000241934 67 1967 33 0
0.000246843 66 1966 34 0
0.000247616 65 1965 35 0
0.000248395 64 1964 36 0
0.00024931 63 1963 37 0
0.000270397 62 1962 38 0
0.00027155 61 1961 39 0
0.000271751 60 1960 40 0
0.000278883 59 1959 41 0
0.00028374 58 1958 42 0
0.000287487 57 1957 43 0
0.000291581 56 1956 44 0
0.0002958 55 1955 45 0
0.0002965 54 1954 46 0
0.000311245 53 1953 47 0
0.000311258 52 1952 48 0
0.000319384 51 1951 49 0
0.00032881 50 1950 50 0
0.000332029 49 1949 51 0
0.000338098 48 1948 52 0
0.000349496 47 1947 53 0
0.000364145 46 1946 54 0
0.00038612 45 1945 55 0
0.000390124 44 1944 56 0
0.000409787 43 1943 57 0
0.000426839 42 1942 58 0
0.000444634 41 1941 59 0
0.000446254 40 1940 60 0
0.000453003 39 1939 61 0
0.000464958 38 1938 62 0
0.000476397 37 1937 63 0
0.000489978 36 1936 64 0
0.000532937 35 1935 65 0
0.000536172 34 1934 66 0
0.000565356 33 1933 67 0
0.000569913 32 1932 68 0
0.000578257 31 1931 69 0
0.000584688 30 1930 70 0
0.00058844 29 1929 71 0
0.000591803 28 1928 72 0
0.00062896 27 1927 73 0
0.000650697 26 1926 74 0
0.000666154 25 1925 75 0
0.000684647 24 1924 76 0
0.000705988 23 1923 77 0
0.000720281 22 1922 78 0
0.000788006 21 1921 79 0
0.00080428 20 1920 80 0
0.000828403 19 1919 81 0
0.000837363 18 1918 82 0
0.000871815 17 1917 83 0
0.00090629 16 1916 84 0
0.000911581 15 1915 85 0
0.000926914 14 1914 86 0
0.000990899 13 1913 87 0
0.00100626 12 1912 88 0
0.00101773 11 1911 89 0
0.00103263 10 1910 90 0
0.00117771 9 1909 91 0
0.00125022 8 1908 92 0
0.00185215 7 1907 93 0
0.00204759 6 1906 94 0
0.00211022 5 1905 95 0
0.00219143 5 1905 94 1
0.00231867 4 1904 95 1
0.00290239 3 1903 96 1
0.00301758 2 1902 97 1
0.00316719 1 1901 98 1
0.003186 0 1900 99 1
0.00825048 0 1900 99 1
0.00982768 1 1901 97 2
0.0141288 0 1900 98 2
0.0215789 1 1901 96 3
0.0221819 0 1900 97 3
0.0226033 1 1901 95 4
0.0226192 0 1900 96 4
0.0321112 1 1901 94 5
0.0322829 1 1901 93 6
0.0329317 0 1900 94 6
0.0353892 1 1901 92 7
0.0361311 1 1901 91 8
0.0365173 0 1900 92 8
0.04471 1 1901 90 9
0.0458407 0 1900 91 9
0.0502817 1 1901 89 10
0.0502916 0 1900 90 10
0.0635131 1 1901 88 11
0.0635473 1 1901 88 11
0.0640781 1 1901 88 11
0.0642428 0 1900 89 11
0.0782392 1 1901 87 12
0.0787726 1 1901 87 12
0.0795513 0 1900 88 12
0.0795986 1 1901 86 13
0.0807721 1 1901 86 13
0.0808272 0 1900 87 13
0.0878893 1 1901 85 14
0.0880542 0 1900 86 14
0.103835 1 1901 84 15
0.105475 0 1900 85 15
0.109883 0 1900 85 15
0.113826 0 1900 85 15
0.132207 0 1900 85 15
0.153794 1 1901 83 16
0.154105 1 1901 82 17
0.154318 0 1900 83 17
0.156112 0 1900 83 17
0.15869 1 1901 81 18
0.159761 0 1900 82 18
0.164842 0 1900 82 18
0.165954 1 1901 80 19
0.166295 0 1900 81 19
0.173385 1 1901 79 20
0.173846 1 1901 78 21
0.173945 0 1900 79 21
0.175003 0 1900 79 21
0.175894 1 1901 77 22
0.175945 0 1900 78 22
0.180068 0 1900 78 22
0.189227 0 1900 78 22
0.189696 1 1901 76 23
0.189927 0 1900 77 23
0.198819 1 1901 75 24
0.199057 0 1900 76 24
0.203 1 1901 74 25
0.203425 0 1900 75 25
0.20788 0 1900 75 25
0.223312 1 1901 73 26
0.223466 0 1900 74 26
0.223687 1 1901 72 27
0.224129 0 1900 73 27
0.230083 1 1901 71 28
0.231135 0 1900 72 28
0.231199 1 1901 70 29
0.231422 0 1900 71 29
0.231878 1 1901 69 30
0.232446 0 1900 70 30
0.249389 0 1900 70 30
0.264066 1 1901 68 31
0.264642 0 1900 69 31
0.266012 0 1900 69 31
0.276351 1 1901 67 32
0.276943 0 1900 68 32
0.278862 1 1901 66 33
0.279088 1 1901 65 34
0.279167 0 1900 66 34
0.27981 1 1901 64 35
0.281321 0 1900 65 35
0.289284 1 1901 63 36
0.289595 0 1900 64 36
0.293333 1 1901 62 37
0.293391 0 1900 63 37
0.311066 0 1900 63 37
0.318207 1 1901 61 38
0.319934 1 1901 61 38
0.320657 0 1900 62 38
0.321395 0 1900 62 38
0.339718 0 1900 62 38
0.344919 1 1901 60 39
0.344927 0 1900 61 39
0.347005 1 1901 59 40
0.34753 0 1900 60 40
0.351752 1 1901 58 41
0.352173 0 1900 59 41
0.360382 1 1901 57 42
0.361229 0 1900 58 42
0.362205 0 1900 58 42
0.373528 1 1901 56 43
0.373989 0 1900 57 43
0.375719 1 1901 55 44
0.37584 0 1900 56 44
0.387052 0 1900 56 44
0.394652 0 1900 56 44
0.413808 1 1901 54 45
0.414004 0 1900 55 45
0.418433 1 1901 53 46
0.418706 0 1900 54 46
0.42255 1 1901 52 47
0.422627 0 1900 53 47
0.426438 0 1900 53 47
0.43063 1 1901 51 48
0.430974 0 1900 52 48
0.469847 1 1901 50 49
0.470054 0 1900 51 49
0.470911 0 1900 51 49
0.47769 0 1900 51 49
0.487535 1 1901 49 50
0.487661 0 1900 50 50
0.491963 0 1900 50 50
0.50408 1 1901 48 51
0.504549 0 1900 49 51
0.505057 1 1901 47 52
0.506186 0 1900 48 52
0.507154 1 1901 46 53
0.507872 0 1900 47 53
0.521452 1 1901 45 54
0.522153 0 1900 46 54
0.522583 0 1900 46 54
0.526233 0 1900 46 54
0.558085 0 1900 46 54
0.587286 0 1900 46 54
0.594468 0 1900 46 54
0.595448 0 1900 46 54
0.604756 0 1900 46 54
0.611892 1 1901 44 55
0.612177 0 1900 45 55
0.620431 0 1900 45 55
0.624631 0 1900 45 55
0.65237 0 1900 45 55
0.675633 0 1900 45 55
0.684205 0 1900 45 55
0.703268 1 1901 43 56
0.703287 0 1900 44 56
0.704044 1 1901 42 57
0.704119 0 1900 43 57
0.706137 0 1900 43 57
0.707316 0 1900 43 57
0.709276 0 1900 43 57
0.713141 0 1900 43 57
0.725423 0 1900 43 57
0.73091 1 1901 41 58
0.731052 0 1900 42 58
0.732553 0 1900 42 58
0.733626 0 1900 42 58
0.735002 1 1901 40 59
0.735752 0 1900 41 59
0.747067 1 1901 39 60
0.747251 0 1900 40 60
0.766887 1 1901 38 61
0.767063 0 1900 39 61
0.776165 1 1901 37 62
0.776263 1 1901 37 62
0.777289 1 1901 36 63
0.777794 0 1900 37 63
0.798015 0 1900 37 63
0.833143 1 1901 35 64
0.833925 0 1900 36 64
0.841182 1 1901 34 65
0.841348 0 1900 35 65
0.869316 1 1901 33 66
0.869604 1 1901 32 67
0.871067 0 1900 33 67
0.912638 0 1900 33 67
0.921589 1 1901 31 68
0.923041 0 1900 32 68
0.935147 0 1900 32 68
0.93874 1 1901 30 69
0.939534 1 1901 29 70
0.940623 0 1900 30 70
0.942786 1 1901 28 71
0.944458 0 1900 29 71
0.95514 0 1900 29 71
0.983384 1 1901 27 72
0.983549 0 1900 28 72
1.00752 1 1901 26 73
1.00817 0 1900 27 73
1.01214 0 1900 27 73
1.03126 0 1900 27 73
1.03921 1 1901 25 74
1.03927 0 1900 26 74
1.06626 1 1901 24 75
1.06688 0 1900 25 75
1.10993 0 1900 25 75
1.11968 1 1901 23 76
1.11975 0 1900 24 76
1.17569 0 1900 24 76
1.17744 1 1901 22 77
1.17875 0 1900 23 77
1.22395 0 1900 23 77
1.23183 1 1901 21 78
1.23187 0 1900 22 78
1.242 0 1900 22 78
1.24297 1 1901 20 79
1.2431 1 1901 20 79
1.24347 0 1900 21 79
1.27549 1 1901 19 80
1.27643 0 1900 20 80
1.31611 1 1901 18 81
1.31614 0 1900 19 81
1.39301 0 1900 19 81
1.45115 1 1901 17 82
1.45147 0 1900 18 82
1.45824 0 1900 18 82
1.48076 0 1900 18 82
1.52242 0 1900 18 82
1.52353 1 1901 16 83
1.52416 0 1900 17 83
1.52562 0 1900 17 83
1.63141 1 1901 15 84
1.63148 0 1900 16 84
1.70824 0 1900 16 84
1.72418 0 1900 16 84
1.72933 1 1901 14 85
1.73052 0 1900 15 85
1.73116 1 1901 13 86
1.73118 0 1900 14 86
1.80495 0 1900 14 86
1.81277 1 1901 12 87
1.81295 0 1900 13 87
1.82222 0 1900 13 87
1.86127 0 1900 13 87
1.86627 1 1901 11 88
1.8674 0 1900 12 88
1.91223 0 1900 12 88
1.92848 1 1901 10 89
1.92973 0 1900 11 89
2.04504 0 1900 11 89
2.10449 1 1901 9 90
2.10696 0 1900 10 90
2.11851 1 1901 8 91
2.11852 0 1900 9 91
2.22253 0 1900 9 91
2.22677 0 1900 9 91
2.29929 1 1901 7 92
2.29934 0 1900 8 92
2.32509 0 1900 8 92
2.48975 1 1901 6 93
2.48993 0 1900 7 93
2.58574 0 1900 7 93
2.66205 0 1900 7 93
2.76829 1 1901 5 94
2.76839 0 1900 6 94
2.87443 0 1900 6 94
3.1606 1 1901 4 95
3.16425 0 1900 5 95
3.73301 1 1901 3 96
3.73302 0 1900 4 96
3.74835 1 1901 2 97
3.74933 0 1900 3 97
3.97121 0 1900 3 97
4.01162 0 1900 3 97
4.55218 1 1901 1 98
4.55251 0 1900 2 98
4.66342 0 1900 2 98
4.72092 1 1901 0 99
