7.83829e-006 99 1999 1 0
3.56263e-005 98 1998 2 0
3.88815e-005 97 1997 3 0
3.94735e-005 96 1996 4 0
4.77445e-005 95 1995 5 0
4.84804e-005 94 1994 6 0
5.50912e-005 93 1993 7 0
5.90092e-005 92 1992 8 0
6.44982e-005 91 1991 9 0
7.90709e-005 90 1990 10 0
8.5941e-005 89 1989 11 0
8.77918e-005 88 1988 12 0
0.000103115 87 1987 13 0
0.000110101 86 1986 14 0
0.000116256 85 1985 15 0
0.000122722 84 1984 16 0
0.000125388 83 1983 17 0
0.000144775 82 1982 18 0
0.000146873 81 1981 19 0
0.000155811 80 1980 20 0
0.000164812 79 1979 21 0
0.000169305 78 1978 22 0
0.000178192 77 1977 23 0
0.000187709 76 1976 24 0
0.000194608 75 1975 25 0
0.000209984 74 1974 26 0
0.000218253 73 1973 27 0
0.000225004 72 1972 28 0
0.000225474 71 1971 29 0
0.000227944 70 1970 30 0
0.000249357 69 1969 31 0
0.000249817 68 1968 32 0
0.000264077 67 1967 33 0
0.000272152 66 1966 34 0
0.000275211 65 1965 35 0
0.000315891 64 1964 36 0
0.000318139 63 1963 37 0
0.000321654 62 1962 38 0
0.000321987 61 1961 39 0
0.000324937 60 1960 40 0
0.00034364 59 1959 41 0
0.000344718 58 1958 42 0
0.000348149 57 1957 43 0
0.000376456 56 1956 44 0
0.000378435 55 1955 45 0
0.000382972 54 1954 46 0
0.000389831 53 1953 47 0
0.000398762 52 1952 48 0
0.00039976 51 1951 49 0
0.000399944 50 1950 50 0
0.000406797 49 1949 51 0
0.000412275 48 1948 52 0
0.00041422 47 1947 53 0
0.000419456 46 1946 54 0
0.000426166 45 1945 55 0
0.000431307 44 1944 56 0
0.000432725 43 1943 57 0
0.000453076 42 1942 58 0
0.00045499 41 1941 59 0
0.00048922 40 1940 60 0
0.000502965 39 1939 61 0
0.000511767 38 1938 62 0
0.000518379 37 1937 63 0
0.000519686 36 1936 64 0
0.00054026 35 1935 65 0
0.00055287 34 1934 66 0
0.000553065 33 1933 67 0
0.000571723 32 1932 68 0
0.000576933 31 1931 69 0
0.000613741 30 1930 70 0
0.000617322 29 1929 71 0
0.000623799 28 1928 72 0
0.000668678 27 1927 73 0
0.000701915 26 1926 74 0
0.000703627 25 1925 75 0
0.000710869 24 1924 76 0
0.000732113 23 1923 77 0
0.000758548 22 1922 78 0
0.000823477 21 1921 79 0
0.000836465 20 1920 80 0
0.000848153 19 1919 81 0
0.000864299 18 1918 82 0
0.00088374 17 1917 83 0
0.000915781 16 1916 84 0
0.000921982 15 1915 85 0
0.000973505 14 1914 86 0
0.00103236 13 1913 87 0
0.00106516 12 1912 88 0
0.0011198 11 1911 89 0
0.00115765 10 1910 90 0
0.00118376 9 1909 91 0
0.00130327 8 1908 92 0
0.00131198 7 1907 93 0
0.00139841 6 1906 94 0
0.00158614 5 1905 95 0
0.00166744 4 1904 96 0
0.00170518 3 1903 97 0
0.00177738 2 1902 98 0
0.00225577 2 1902 98 0
0.00229646 1 1901 99 0
0.00246901 0 1900 100 0
0.00615674 0 1900 100 0
0.00707473 0 1900 100 0
0.0124781 1 1901 98 1
0.0132688 0 1900 99 1
0.0133415 1 1901 97 2
0.0138967 0 1900 98 2
0.0186008 0 1900 98 2
0.0187048 1 1901 96 3
0.0194035 1 1901 95 4
0.0195758 1 1901 95 4
0.0199891 1 1901 95 4
0.0204783 0 1900 96 4
0.0250621 0 1900 96 4
0.0274984 0 1900 96 4
0.0284934 0 1900 96 4
0.0443447 0 1900 96 4
0.045599 1 1901 94 5
0.0459713 0 1900 95 5
0.0473512 1 1901 93 6
0.04753 0 1900 94 6
0.0565406 0 1900 94 6
0.0690696 1 1901 92 7
0.0694037 0 1900 93 7
0.0695011 0 1900 93 7
0.0783066 0 1900 93 7
0.0831027 0 1900 93 7
0.0891988 0 1900 93 7
0.0936517 0 1900 93 7
0.0940022 1 1901 91 8
0.0945388 0 1900 92 8
0.103046 1 1901 90 9
0.103184 0 1900 91 9
0.107296 1 1901 89 10
0.107623 1 1901 88 11
0.109782 0 1900 89 11
0.110962 1 1901 87 12
0.111045 0 1900 88 12
0.1134 1 1901 86 13
0.113964 0 1900 87 13
0.120366 0 1900 87 13
0.122204 1 1901 85 14
0.122541 0 1900 86 14
0.12322 0 1900 86 14
0.13734 1 1901 84 15
0.137496 0 1900 85 15
0.144841 0 1900 85 15
0.145904 0 1900 85 15
0.14701 0 1900 85 15
0.154698 1 1901 83 16
0.156155 0 1900 84 16
0.164338 1 1901 82 17
0.16448 0 1900 83 17
0.175082 0 1900 83 17
0.180984 0 1900 83 17
0.183837 0 1900 83 17
0.186694 1 1901 81 18
0.186826 0 1900 82 18
0.187701 1 1901 80 19
0.187831 0 1900 81 19
0.191177 1 1901 79 20
0.191361 0 1900 80 20
0.201437 1 1901 78 21
0.20183 0 1900 79 21
0.206668 0 1900 79 21
0.213974 1 1901 77 22
0.21407 0 1900 78 22
0.217472 0 1900 78 22
0.218585 1 1901 76 23
0.218704 0 1900 77 23
0.227431 0 1900 77 23
0.240601 1 1901 75 24
0.240831 1 1901 74 25
0.241049 0 1900 75 25
0.258244 0 1900 75 25
0.262894 1 1901 73 26
0.26342 0 1900 74 26
0.276806 1 1901 72 27
0.277237 0 1900 73 27
0.279774 0 1900 73 27
0.279781 0 1900 73 27
0.292759 1 1901 71 28
0.293523 0 1900 72 28
0.321683 0 1900 72 28
0.325266 1 1901 70 29
0.325443 0 1900 71 29
0.325479 1 1901 69 30
0.325883 0 1900 70 30
0.335778 0 1900 70 30
0.351805 1 1901 68 31
0.35233 0 1900 69 31
0.356815 0 1900 69 31
0.357215 1 1901 67 32
0.357321 0 1900 68 32
0.357786 1 1901 66 33
0.358812 0 1900 67 33
0.359409 1 1901 65 34
0.359567 0 1900 66 34
0.369708 0 1900 66 34
0.375809 0 1900 66 34
0.378804 1 1901 64 35
0.379339 0 1900 65 35
0.380049 0 1900 65 35
0.402849 0 1900 65 35
0.407136 0 1900 65 35
0.416018 0 1900 65 35
0.420716 0 1900 65 35
0.431453 0 1900 65 35
0.446869 1 1901 63 36
0.44697 0 1900 64 36
0.453494 1 1901 62 37
0.45427 0 1900 63 37
0.455205 1 1901 61 38
0.455663 0 1900 62 38
0.458791 0 1900 62 38
0.461787 0 1900 62 38
0.462776 1 1901 60 39
0.463081 0 1900 61 39
0.513025 0 1900 61 39
0.520846 0 1900 61 39
0.522465 1 1901 59 40
0.52256 0 1900 60 40
0.535841 1 1901 58 41
0.535899 0 1900 59 41
0.5378 0 1900 59 41
0.540747 1 1901 57 42
0.541502 0 1900 58 42
0.551635 1 1901 56 43
0.55181 0 1900 57 43
0.552504 1 1901 55 44
0.552605 0 1900 56 44
0.559449 1 1901 54 45
0.560247 1 1901 54 45
0.560553 0 1900 55 45
0.561383 1 1901 53 46
0.56152 0 1900 54 46
0.570504 1 1901 52 47
0.570759 0 1900 53 47
0.577106 1 1901 51 48
0.577328 0 1900 52 48
0.577445 0 1900 52 48
0.585858 1 1901 50 49
0.586516 0 1900 51 49
0.590001 1 1901 49 50
0.590558 0 1900 50 50
0.597944 0 1900 50 50
0.601645 0 1900 50 50
0.610886 1 1901 48 51
0.611029 0 1900 49 51
0.611181 0 1900 49 51
0.611745 0 1900 49 51
0.621045 1 1901 47 52
0.621164 0 1900 48 52
0.665691 0 1900 48 52
0.67802 0 1900 48 52
0.683764 1 1901 46 53
0.683813 0 1900 47 53
0.696764 1 1901 45 54
0.697541 1 1901 44 55
0.697829 0 1900 45 55
0.699193 1 1901 43 56
0.699425 0 1900 44 56
0.699762 1 1901 42 57
0.701786 0 1900 43 57
0.70413 0 1900 43 57
0.705039 1 1901 41 58
0.706441 0 1900 42 58
0.716076 0 1900 42 58
0.719534 1 1901 40 59
0.719621 0 1900 41 59
0.749086 1 1901 39 60
0.74928 0 1900 40 60
0.750355 0 1900 40 60
0.779414 1 1901 38 61
0.779958 0 1900 39 61
0.780158 0 1900 39 61
0.785737 0 1900 39 61
0.798593 0 1900 39 61
0.798812 1 1901 37 62
0.798947 0 1900 38 62
0.801246 0 1900 38 62
0.803914 1 1901 36 63
0.803981 0 1900 37 63
0.804984 0 1900 37 63
0.83484 1 1901 35 64
0.835507 0 1900 36 64
0.894757 0 1900 36 64
0.897092 1 1901 34 65
0.897407 0 1900 35 65
0.897656 1 1901 33 66
0.89792 0 1900 34 66
0.898602 1 1901 32 67
0.900145 0 1900 33 67
0.940487 0 1900 33 67
0.945667 0 1900 33 67
0.945908 1 1901 31 68
0.946358 0 1900 32 68
0.956463 1 1901 30 69
0.956676 0 1900 31 69
0.960324 0 1900 31 69
0.962302 1 1901 29 70
0.962365 0 1900 30 70
0.964283 0 1900 30 70
0.966654 1 1901 28 71
0.967071 0 1900 29 71
0.978435 0 1900 29 71
0.987928 1 1901 27 72
0.988432 0 1900 28 72
0.995429 1 1901 26 73
0.99575 0 1900 27 73
1.00007 1 1901 25 74
1.00011 0 1900 26 74
1.02377 1 1901 24 75
1.02436 0 1900 25 75
1.04598 1 1901 23 76
1.04603 0 1900 24 76
1.07589 0 1900 24 76
1.08381 0 1900 24 76
1.11862 0 1900 24 76
1.13524 1 1901 22 77
1.13564 0 1900 23 77
1.1442 1 1901 21 78
1.14452 0 1900 22 78
1.21508 1 1901 20 79
1.21575 0 1900 21 79
1.21676 1 1901 19 80
1.21709 0 1900 20 80
1.22462 1 1901 18 81
1.22511 0 1900 19 81
1.22876 1 1901 17 82
1.22912 0 1900 18 82
1.37006 1 1901 16 83
1.37043 0 1900 17 83
1.44798 0 1900 17 83
1.55351 0 1900 17 83
1.6003 1 1901 15 84
1.60058 0 1900 16 84
1.60627 1 1901 14 85
1.60674 0 1900 15 85
1.61955 1 1901 13 86
1.6197 0 1900 14 86
1.62156 1 1901 12 87
1.62164 0 1900 13 87
1.64854 0 1900 13 87
1.65952 1 1901 11 88
1.66021 0 1900 12 88
1.69986 1 1901 10 89
1.7 0 1900 11 89
1.79266 1 1901 9 90
1.79274 0 1900 10 90
1.87588 0 1900 10 90
1.89791 1 1901 8 91
1.89795 0 1900 9 91
1.91177 1 1901 7 92
1.91194 0 1900 8 92
1.91858 1 1901 6 93
1.9196 0 1900 7 93
1.96651 1 1901 5 94
1.96699 0 1900 6 94
2.11833 0 1900 6 94
2.1584 1 1901 4 95
2.1584 0 1900 5 95
2.17011 0 1900 5 95
2.19744 1 1901 3 96
2.19757 0 1900 4 96
2.36985 1 1901 2 97
2.37101 0 1900 3 97
2.64625 1 1901 1 98
2.64634 0 1900 2 98
2.7338 1 1901 0 99
