1.56393e-006 99 1999 1 0
9.15191e-006 98 1998 2 0
1.11024e-005 97 1997 3 0
2.38766e-005 96 1996 4 0
2.8606e-005 95 1995 5 0
3.11894e-005 94 1994 6 0
3.66334e-005 93 1993 7 0
3.68798e-005 92 1992 8 0
3.99968e-005 91 1991 9 0
4.42749e-005 90 1990 10 0
5.22445e-005 89 1989 11 0
5.29604e-005 88 1988 12 0
5.36912e-005 87 1987 13 0
6.37133e-005 86 1986 14 0
6.54456e-005 85 1985 15 0
7.47917e-005 84 1984 16 0
8.17919e-005 83 1983 17 0
9.69932e-005 82 1982 18 0
9.89007e-005 81 1981 19 0
0.000103594 80 1980 20 0
0.000104942 79 1979 21 0
0.000107908 78 1978 22 0
0.000112252 77 1977 23 0
0.000117637 76 1976 24 0
0.000120806 75 1975 25 0
0.000130144 74 1974 26 0
0.000135574 73 1973 27 0
0.000137384 72 1972 28 0
0.000147181 71 1971 29 0
0.000148484 70 1970 30 0
0.000158403 69 1969 31 0
0.000167531 68 1968 32 0
0.000167545 67 1967 33 0
0.000169117 66 1966 34 0
0.000170639 65 1965 35 0
0.000171385 64 1964 36 0
0.000185013 63 1963 37 0
0.000185878 62 1962 38 0
0.00018812 61 1961 39 0
0.000203393 60 1960 40 0
0.000204062 59 1959 41 0
0.000211554 58 1958 42 0
0.000217263 57 1957 43 0
0.000226562 56 1956 44 0
0.000230916 55 1955 45 0
0.000242043 54 1954 46 0
0.000260511 53 1953 47 0
0.00027029 52 1952 48 0
0.000270435 51 1951 49 0
0.000274642 50 1950 50 0
0.000279432 49 1949 51 0
0.000314244 48 1948 52 0
0.000317261 47 1947 53 0
0.000362677 46 1946 54 0
0.000363185 45 1945 55 0
0.000379961 44 1944 56 0
0.000380011 43 1943 57 0
0.000401529 42 1942 58 0
0.000405705 41 1941 59 0
0.000415116 40 1940 60 0
0.000452203 39 1939 61 0
0.0004583 38 1938 62 0
0.000473284 37 1937 63 0
0.000492876 36 1936 64 0
0.0005229 35 1935 65 0
0.00052684 34 1934 66 0
0.000527008 33 1933 67 0
0.000528752 32 1932 68 0
0.000542828 31 1931 69 0
0.000555041 30 1930 70 0
0.000595322 29 1929 71 0
0.000627163 28 1928 72 0
0.000706923 27 1927 73 0
0.00071713 26 1926 74 0
0.000733772 25 1925 75 0
0.000754296 24 1924 76 0
0.000782366 23 1923 77 0
0.000788223 22 1922 78 0
0.000790668 21 1921 79 0
0.000836282 20 1920 80 0
0.000838534 19 1919 81 0
0.000883757 18 1918 82 0
0.000886719 17 1917 83 0
0.000888788 16 1916 84 0
0.000899555 15 1915 85 0
0.000911904 14 1914 86 0
0.000951605 13 1913 87 0
0.000955809 12 1912 88 0
0.000964837 11 1911 89 0
0.000982069 10 1910 90 0
0.00105138 9 1909 91 0
0.00107162 8 1908 92 0
0.00110021 7 1907 93 0
0.0011399 6 1906 94 0
0.00134726 5 1905 95 0
0.0013796 4 1904 96 0
0.00146104 3 1903 97 0
0.00147977 2 1902 98 0
0.00164456 1 1901 99 0
0.00377682 0 1900 100 0
0.00456576 0 1900 100 0
0.00463506 0 1900 100 0
0.028203 0 1900 100 0
0.0295794 0 1900 100 0
0.0302137 1 1901 98 1
0.0306504 0 1900 99 1
0.0310296 0 1900 99 1
0.0342534 0 1900 99 1
0.0424536 0 1900 99 1
0.0433581 0 1900 99 1
0.0496268 0 1900 99 1
0.0496348 1 1901 97 2
0.0497537 0 1900 98 2
0.0512487 1 1901 96 3
0.0521858 0 1900 97 3
0.0570755 1 1901 95 4
0.0572564 0 1900 96 4
0.060289 1 1901 94 5
0.0605614 1 1901 94 5
0.0609087 0 1900 95 5
0.0661724 0 1900 95 5
0.0695503 1 1901 93 6
0.0701069 0 1900 94 6
0.076337 1 1901 92 7
0.0765655 0 1900 93 7
0.0852724 1 1901 91 8
0.0867283 0 1900 92 8
0.0916614 0 1900 92 8
0.10228 1 1901 90 9
0.102597 0 1900 91 9
0.110537 0 1900 91 9
0.112263 1 1901 89 10
0.112418 0 1900 90 10
0.115818 1 1901 88 11
0.116032 0 1900 89 11
0.124564 0 1900 89 11
0.139074 1 1901 87 12
0.139182 1 1901 87 12
0.139556 0 1900 88 12
0.140027 1 1901 86 13
0.140684 1 1901 86 13
0.141355 0 1900 87 13
0.156428 0 1900 87 13
0.157758 1 1901 85 14
0.157898 0 1900 86 14
0.158592 1 1901 84 15
0.15901 0 1900 85 15
0.171729 1 1901 83 16
0.172672 0 1900 84 16
0.17286 0 1900 84 16
0.196863 0 1900 84 16
0.200811 1 1901 82 17
0.201184 0 1900 83 17
0.20215 0 1900 83 17
0.205574 0 1900 83 17
0.20829 1 1901 81 18
0.209401 0 1900 82 18
0.213967 1 1901 80 19
0.214693 0 1900 81 19
0.22001 1 1901 79 20
0.220475 1 1901 79 20
0.220869 0 1900 80 20
0.225529 0 1900 80 20
0.249357 1 1901 78 21
0.249486 0 1900 79 21
0.251093 1 1901 77 22
0.251313 0 1900 78 22
0.258424 1 1901 76 23
0.258636 0 1900 77 23
0.268367 1 1901 75 24
0.268374 1 1901 75 24
0.26932 0 1900 76 24
0.270702 1 1901 74 25
0.271357 0 1900 75 25
0.27572 1 1901 73 26
0.275745 0 1900 74 26
0.28051 1 1901 72 27
0.280699 0 1900 73 27
0.288384 0 1900 73 27
0.295803 1 1901 71 28
0.297062 0 1900 72 28
0.298548 0 1900 72 28
0.302206 0 1900 72 28
0.327421 0 1900 72 28
0.333842 1 1901 70 29
0.334343 0 1900 71 29
0.344743 1 1901 69 30
0.345054 0 1900 70 30
0.347653 1 1901 68 31
0.347699 0 1900 69 31
0.362247 0 1900 69 31
0.368099 1 1901 67 32
0.368946 0 1900 68 32
0.369002 1 1901 66 33
0.370359 0 1900 67 33
0.378038 1 1901 65 34
0.378797 0 1900 66 34
0.380359 0 1900 66 34
0.395539 1 1901 64 35
0.396022 0 1900 65 35
0.41103 1 1901 63 36
0.411272 0 1900 64 36
0.41159 0 1900 64 36
0.421156 1 1901 62 37
0.421317 0 1900 63 37
0.42504 0 1900 63 37
0.432353 1 1901 61 38
0.432831 1 1901 60 39
0.433644 0 1900 61 39
0.43672 1 1901 59 40
0.436754 0 1900 60 40
0.438844 1 1901 58 41
0.438857 0 1900 59 41
0.4456 0 1900 59 41
0.448906 0 1900 59 41
0.453953 0 1900 59 41
0.454238 1 1901 57 42
0.454947 0 1900 58 42
0.503023 0 1900 58 42
0.512418 1 1901 56 43
0.512749 0 1900 57 43
0.518579 1 1901 55 44
0.518692 0 1900 56 44
0.522795 1 1901 54 45
0.52282 0 1900 55 45
0.523047 0 1900 55 45
0.533046 0 1900 55 45
0.5362 1 1901 53 46
0.536308 0 1900 54 46
0.548 0 1900 54 46
0.550282 0 1900 54 46
0.56864 0 1900 54 46
0.573193 0 1900 54 46
0.581545 1 1901 52 47
0.582086 0 1900 53 47
0.582407 1 1901 51 48
0.58293 0 1900 52 48
0.587946 1 1901 50 49
0.587959 0 1900 51 49
0.59501 1 1901 49 50
0.595337 0 1900 50 50
0.595597 0 1900 50 50
0.597557 0 1900 50 50
0.601788 0 1900 50 50
0.603788 0 1900 50 50
0.606304 0 1900 50 50
0.624048 1 1901 48 51
0.625099 0 1900 49 51
0.632742 1 1901 47 52
0.633599 1 1901 47 52
0.634764 0 1900 48 52
0.635864 0 1900 48 52
0.654396 1 1901 46 53
0.654517 0 1900 47 53
0.657863 0 1900 47 53
0.662646 1 1901 45 54
0.662883 0 1900 46 54
0.666639 0 1900 46 54
0.690359 0 1900 46 54
0.697033 0 1900 46 54
0.699777 0 1900 46 54
0.712497 0 1900 46 54
0.716093 1 1901 44 55
0.716145 0 1900 45 55
0.721754 0 1900 45 55
0.728547 0 1900 45 55
0.734707 0 1900 45 55
0.749786 0 1900 45 55
0.756237 0 1900 45 55
0.757198 1 1901 43 56
0.759215 0 1900 44 56
0.778589 1 1901 42 57
0.778809 0 1900 43 57
0.804944 0 1900 43 57
0.835113 0 1900 43 57
0.839434 1 1901 41 58
0.840596 0 1900 42 58
0.862198 0 1900 42 58
0.871415 1 1901 40 59
0.872068 0 1900 41 59
0.876191 0 1900 41 59
0.888204 0 1900 41 59
0.906925 1 1901 39 60
0.907212 0 1900 40 60
0.910455 0 1900 40 60
0.914482 0 1900 40 60
0.915115 0 1900 40 60
0.92103 0 1900 40 60
0.926965 1 1901 38 61
0.929743 0 1900 39 61
0.93372 0 1900 39 61
0.936092 0 1900 39 61
0.937961 1 1901 37 62
0.938289 0 1900 38 62
0.945285 0 1900 38 62
0.955829 1 1901 36 63
0.956736 0 1900 37 63
0.967151 0 1900 37 63
0.973512 1 1901 35 64
0.97365 0 1900 36 64
0.978424 0 1900 36 64
0.98071 0 1900 36 64
0.983892 0 1900 36 64
0.985796 1 1901 34 65
0.986508 0 1900 35 65
1.01403 0 1900 35 65
1.03272 0 1900 35 65
1.06524 1 1901 33 66
1.06535 0 1900 34 66
1.07601 1 1901 32 67
1.07642 0 1900 33 67
1.12576 0 1900 33 67
1.12596 0 1900 33 67
1.13628 1 1901 31 68
1.13658 0 1900 32 68
1.16309 1 1901 30 69
1.16313 1 1901 30 69
1.16322 0 1900 31 69
1.16361 1 1901 29 70
1.16433 0 1900 30 70
1.16667 0 1900 30 70
1.19537 1 1901 28 71
1.19727 1 1901 28 71
1.19882 0 1900 29 71
1.21935 1 1901 27 72
1.2209 0 1900 28 72
1.23217 0 1900 28 72
1.28143 0 1900 28 72
1.28432 0 1900 28 72
1.32452 0 1900 28 72
1.32556 1 1901 26 73
1.32584 0 1900 27 73
1.33352 1 1901 25 74
1.33453 0 1900 26 74
1.38465 0 1900 26 74
1.39935 1 1901 24 75
1.39971 0 1900 25 75
1.40806 1 1901 23 76
1.40843 0 1900 24 76
1.41856 0 1900 24 76
1.43695 1 1901 22 77
1.43805 0 1900 23 77
1.45265 0 1900 23 77
1.45378 0 1900 23 77
1.50551 1 1901 21 78
1.50565 0 1900 22 78
1.50956 1 1901 20 79
1.51077 0 1900 21 79
1.51715 0 1900 21 79
1.56785 1 1901 19 80
1.56795 0 1900 20 80
1.57825 0 1900 20 80
1.58421 0 1900 20 80
1.66106 1 1901 18 81
1.66166 0 1900 19 81
1.70978 0 1900 19 81
1.71459 1 1901 17 82
1.71494 0 1900 18 82
1.76043 1 1901 16 83
1.76076 0 1900 17 83
1.77112 1 1901 15 84
1.77117 0 1900 16 84
1.7937 1 1901 14 85
1.79433 0 1900 15 85
1.8028 0 1900 15 85
1.90921 0 1900 15 85
1.97949 1 1901 13 86
1.98001 0 1900 14 86
2.07736 1 1901 12 87
2.07754 0 1900 13 87
2.12239 0 1900 13 87
2.15337 1 1901 11 88
2.15341 0 1900 12 88
2.1558 1 1901 10 89
2.15611 0 1900 11 89
2.30311 0 1900 11 89
2.3536 1 1901 9 90
2.35368 0 1900 10 90
2.42082 0 1900 10 90
2.51686 0 1900 10 90
2.52334 1 1901 8 91
2.52467 0 1900 9 91
2.76478 0 1900 9 91
2.79972 0 1900 9 91
2.86603 0 1900 9 91
2.87061 0 1900 9 91
2.91638 1 1901 7 92
2.91661 0 1900 8 92
2.94013 0 1900 8 92
3.13859 1 1901 6 93
3.13877 0 1900 7 93
3.28615 0 1900 7 93
3.37868 1 1901 5 94
3.37879 0 1900 6 94
3.40757 0 1900 6 94
3.74787 1 1901 4 95
3.74792 0 1900 5 95
3.86612 0 1900 5 95
3.90099 0 1900 5 95
3.971 0 1900 5 95
4.17371 1 1901 3 96
4.17379 0 1900 4 96
4.19904 0 1900 4 96
4.34168 0 1900 4 96
4.36879 1 1901 2 97
4.36936 0 1900 3 97
4.37503 0 1900 3 97
4.40363 1 1901 1 98
4.404 0 1900 2 98
4.41931 0 1900 2 98
4.58079 0 1900 2 98
4.67544 1 1901 0 99
