7.98294e-008 99 1999 1 0
9.699e-006 98 1998 2 0
1.02235e-005 97 1997 3 0
1.88279e-005 96 1996 4 0
3.3312e-005 95 1995 5 0
4.11946e-005 94 1994 6 0
4.99784e-005 93 1993 7 0
5.19455e-005 92 1992 8 0
6.19607e-005 91 1991 9 0
6.42323e-005 90 1990 10 0
6.4392e-005 89 1989 11 0
7.62825e-005 88 1988 12 0
7.78041e-005 87 1987 13 0
9.08524e-005 86 1986 14 0
0.000108201 85 1985 15 0
0.000120206 84 1984 16 0
0.000120243 83 1983 17 0
0.000141738 82 1982 18 0
0.000164844 81 1981 19 0
0.000167569 80 1980 20 0
0.000171379 79 1979 21 0
0.000175761 78 1978 22 0
0.00019628 77 1977 23 0
0.00019689 76 1976 24 0
0.000204454 75 1975 25 0
0.000208281 74 1974 26 0
0.000218122 73 1973 27 0
0.000229476 72 1972 28 0
0.000232777 71 1971 29 0
0.00024328 70 1970 30 0
0.000245386 69 1969 31 0
0.000262556 68 1968 32 0
0.000288325 67 1967 33 0
0.000305404 66 1966 34 0
0.000312818 65 1965 35 0
0.000318329 64 1964 36 0
0.000319679 63 1963 37 0
0.000323004 62 1962 38 0
0.000323845 61 1961 39 0
0.000342553 60 1960 40 0
0.000356298 59 1959 41 0
0.000375668 58 1958 42 0
0.000376232 57 1957 43 0
0.000379606 56 1956 44 0
0.000381801 55 1955 45 0
0.00038299 54 1954 46 0
0.000389258 53 1953 47 0
0.000390982 52 1952 48 0
0.000406833 51 1951 49 0
0.000409152 50 1950 50 0
0.000424463 49 1949 51 0
0.000432764 48 1948 52 0
0.00043381 47 1947 53 0
0.000436508 46 1946 54 0
0.00043654 45 1945 55 0
0.000439283 44 1944 56 0
0.000441227 43 1943 57 0
0.000456667 42 1942 58 0
0.000464603 41 1941 59 0
0.000489175 40 1940 60 0
0.000494639 39 1939 61 0
0.000515051 38 1938 62 0
0.000532232 37 1937 63 0
0.000555767 36 1936 64 0
0.000565521 35 1935 65 0
0.000571487 34 1934 66 0
0.000595665 33 1933 67 0
0.000597449 32 1932 68 0
0.000605822 31 1931 69 0
0.000644984 30 1930 70 0
0.000645783 29 1929 71 0
0.000684664 28 1928 72 0
0.000712066 27 1927 73 0
0.000740837 26 1926 74 0
0.000744118 25 1925 75 0
0.000749774 24 1924 76 0
0.000762993 23 1923 77 0
0.000776693 22 1922 78 0
0.00079966 21 1921 79 0
0.000810995 20 1920 80 0
0.000814764 19 1919 81 0
0.000836318 18 1918 82 0
0.000864395 17 1917 83 0
0.000869572 16 1916 84 0
0.000882318 15 1915 85 0
0.000882356 14 1914 86 0
0.000890135 13 1913 87 0
0.000894115 12 1912 88 0
0.000962308 11 1911 89 0
0.0010263 10 1910 90 0
0.00111663 9 1909 91 0
0.00116888 8 1908 92 0
0.00119488 7 1907 93 0
0.00127356 6 1906 94 0
0.00132631 5 1905 95 0
0.00144197 4 1904 96 0
0.00174152 3 1903 97 0
0.00228794 2 1902 98 0
0.00267543 1 1901 99 0
0.00267857 0 1900 100 0
0.00368012 0 1900 100 0
0.0197277 0 1900 100 0
0.0445669 1 1901 98 1
0.0447815 1 1901 98 1
0.0450584 0 1900 99 1
0.0459271 0 1900 99 1
0.0547957 1 1901 97 2
0.0550534 0 1900 98 2
0.0643759 0 1900 98 2
0.07163 1 1901 96 3
0.0716702 0 1900 97 3
0.085595 1 1901 95 4
0.0856307 0 1900 96 4
0.0896157 1 1901 94 5
0.0898775 0 1900 95 5
0.0918881 1 1901 93 6
0.0921299 1 1901 92 7
0.0921671 0 1900 93 7
0.0972124 0 1900 93 7
0.101608 0 1900 93 7
0.101796 0 1900 93 7
0.104583 0 1900 93 7
0.10506 0 1900 93 7
0.109133 1 1901 91 8
0.110587 0 1900 92 8
0.132606 1 1901 90 9
0.133949 0 1900 91 9
0.140257 0 1900 91 9
0.140299 0 1900 91 9
0.140708 1 1901 89 10
0.140843 0 1900 90 10
0.141371 0 1900 90 10
0.145052 0 1900 90 10
0.148737 1 1901 88 11
0.149471 0 1900 89 11
0.162177 1 1901 87 12
0.16436 0 1900 88 12
0.171319 1 1901 86 13
0.171379 0 1900 87 13
0.172062 0 1900 87 13
0.179595 0 1900 87 13
0.182409 1 1901 85 14
0.182446 0 1900 86 14
0.192074 1 1901 84 15
0.192165 0 1900 85 15
0.193609 1 1901 83 16
0.194024 0 1900 84 16
0.200644 0 1900 84 16
0.200983 1 1901 82 17
0.201075 0 1900 83 17
0.212632 0 1900 83 17
0.228714 1 1901 81 18
0.229525 0 1900 82 18
0.230383 1 1901 80 19
0.230401 0 1900 81 19
0.237379 1 1901 79 20
0.237575 1 1901 78 21
0.238591 0 1900 79 21
0.239446 0 1900 79 21
0.244363 1 1901 77 22
0.244423 1 1901 77 22
0.244725 0 1900 78 22
0.247239 0 1900 78 22
0.256086 0 1900 78 22
0.26679 0 1900 78 22
0.287899 0 1900 78 22
0.29691 1 1901 76 23
0.297314 0 1900 77 23
0.298034 0 1900 77 23
0.303848 1 1901 75 24
0.304239 0 1900 76 24
0.30484 0 1900 76 24
0.304872 1 1901 74 25
0.304979 0 1900 75 25
0.307577 0 1900 75 25
0.311537 1 1901 73 26
0.311869 0 1900 74 26
0.312885 0 1900 74 26
0.346105 0 1900 74 26
0.349072 1 1901 72 27
0.349463 0 1900 73 27
0.354579 1 1901 71 28
0.354586 0 1900 72 28
0.354853 0 1900 72 28
0.360592 1 1901 70 29
0.361498 0 1900 71 29
0.38424 1 1901 69 30
0.384629 0 1900 70 30
0.385331 0 1900 70 30
0.405916 1 1901 68 31
0.406245 1 1901 67 32
0.406537 0 1900 68 32
0.406844 1 1901 66 33
0.407118 0 1900 67 33
0.415591 1 1901 65 34
0.416591 0 1900 66 34
0.417923 0 1900 66 34
0.421494 0 1900 66 34
0.432071 0 1900 66 34
0.453553 0 1900 66 34
0.480999 1 1901 64 35
0.481325 0 1900 65 35
0.482654 0 1900 65 35
0.489836 0 1900 65 35
0.490112 1 1901 63 36
0.490505 0 1900 64 36
0.490826 0 1900 64 36
0.503418 0 1900 64 36
0.510528 0 1900 64 36
0.51384 0 1900 64 36
0.514437 1 1901 62 37
0.514442 0 1900 63 37
0.52231 0 1900 63 37
0.538438 0 1900 63 37
0.547579 1 1901 61 38
0.547693 0 1900 62 38
0.549699 0 1900 62 38
0.575384 0 1900 62 38
0.583492 1 1901 60 39
0.583577 0 1900 61 39
0.587247 0 1900 61 39
0.590087 1 1901 59 40
0.592399 0 1900 60 40
0.593351 0 1900 60 40
0.594151 1 1901 58 41
0.59486 1 1901 57 42
0.595168 0 1900 58 42
0.610992 0 1900 58 42
0.611265 0 1900 58 42
0.613257 0 1900 58 42
0.61433 1 1901 56 43
0.614385 0 1900 57 43
0.617262 1 1901 55 44
0.617663 0 1900 56 44
0.623308 0 1900 56 44
0.628391 1 1901 54 45
0.628982 0 1900 55 45
0.632195 1 1901 53 46
0.633635 0 1900 54 46
0.637179 1 1901 52 47
0.637573 0 1900 53 47
0.642088 0 1900 53 47
0.654232 0 1900 53 47
0.668133 1 1901 51 48
0.66852 0 1900 52 48
0.673973 1 1901 50 49
0.67551 0 1900 51 49
0.67847 1 1901 49 50
0.678596 0 1900 50 50
0.683688 1 1901 48 51
0.683894 0 1900 49 51
0.68408 1 1901 47 52
0.684788 0 1900 48 52
0.692663 1 1901 46 53
0.692716 0 1900 47 53
0.706295 1 1901 45 54
0.706337 0 1900 46 54
0.721747 0 1900 46 54
0.726106 1 1901 44 55
0.72651 0 1900 45 55
0.732551 1 1901 43 56
0.73284 0 1900 44 56
0.746159 1 1901 42 57
0.746663 0 1900 43 57
0.749399 1 1901 41 58
0.749719 0 1900 42 58
0.758222 1 1901 40 59
0.759124 0 1900 41 59
0.764514 0 1900 41 59
0.784217 0 1900 41 59
0.787761 1 1901 39 60
0.789291 0 1900 40 60
0.818004 0 1900 40 60
0.822266 1 1901 38 61
0.822482 0 1900 39 61
0.826682 0 1900 39 61
0.827072 1 1901 37 62
0.828593 0 1900 38 62
0.835667 0 1900 38 62
0.845571 1 1901 36 63
0.845924 0 1900 37 63
0.857773 0 1900 37 63
0.883421 0 1900 37 63
0.88554 0 1900 37 63
0.892519 0 1900 37 63
0.912041 0 1900 37 63
0.93283 1 1901 35 64
0.935078 0 1900 36 64
0.940292 0 1900 36 64
0.943633 1 1901 34 65
0.943925 0 1900 35 65
0.951035 1 1901 33 66
0.951918 0 1900 34 66
0.963649 0 1900 34 66
0.988386 0 1900 34 66
1.00182 0 1900 34 66
1.01058 1 1901 32 67
1.01084 0 1900 33 67
1.03628 1 1901 31 68
1.03671 0 1900 32 68
1.07187 1 1901 30 69
1.07314 0 1900 31 69
1.09153 1 1901 29 70
1.09162 0 1900 30 70
1.11269 1 1901 28 71
1.11318 0 1900 29 71
1.14586 1 1901 27 72
1.14643 0 1900 28 72
1.15408 1 1901 26 73
1.15462 0 1900 27 73
1.15789 1 1901 25 74
1.15882 0 1900 26 74
1.172 0 1900 26 74
1.18292 0 1900 26 74
1.19445 0 1900 26 74
1.19546 1 1901 24 75
1.19679 0 1900 25 75
1.21519 0 1900 25 75
1.2295 1 1901 23 76
1.22956 0 1900 24 76
1.24891 1 1901 22 77
1.24919 0 1900 23 77
1.2616 1 1901 21 78
1.26175 0 1900 22 78
1.26809 0 1900 22 78
1.28511 0 1900 22 78
1.29422 0 1900 22 78
1.31393 1 1901 20 79
1.31403 0 1900 21 79
1.31459 1 1901 19 80
1.31486 0 1900 20 80
1.37216 0 1900 20 80
1.40069 1 1901 18 81
1.40069 0 1900 19 81
1.4162 0 1900 19 81
1.47027 0 1900 19 81
1.49194 1 1901 17 82
1.49221 0 1900 18 82
1.52011 1 1901 16 83
1.52057 0 1900 17 83
1.52876 0 1900 17 83
1.53826 0 1900 17 83
1.58325 1 1901 15 84
1.58362 0 1900 16 84
1.58836 1 1901 14 85
1.5886 0 1900 15 85
1.67257 1 1901 13 86
1.67329 0 1900 14 86
1.6942 1 1901 12 87
1.69429 0 1900 13 87
1.70509 0 1900 13 87
1.76504 0 1900 13 87
1.7769 1 1901 11 88
1.777 0 1900 12 88
1.80429 0 1900 12 88
1.83424 0 1900 12 88
1.84225 1 1901 10 89
1.84325 0 1900 11 89
1.8827 1 1901 9 90
1.88325 0 1900 10 90
1.88834 0 1900 10 90
1.92299 0 1900 10 90
2.00881 0 1900 10 90
2.05387 0 1900 10 90
2.09817 0 1900 10 90
2.22159 0 1900 10 90
2.23695 1 1901 8 91
2.23738 0 1900 9 91
2.27486 1 1901 7 92
2.27498 0 1900 8 92
2.33291 1 1901 6 93
2.33301 0 1900 7 93
2.56552 1 1901 5 94
2.56554 0 1900 6 94
2.60438 1 1901 4 95
2.60462 0 1900 5 95
2.80927 1 1901 3 96
2.80946 0 1900 4 96
2.90515 0 1900 4 96
3.08218 1 1901 2 97
3.08264 0 1900 3 97
3.08535 0 1900 3 97
3.18604 1 1901 1 98
3.18618 0 1900 2 98
3.21371 0 1900 2 98
3.59678 0 1900 2 98
3.66118 1 1901 0 99
